  -9.9526793e-01   2.7080000e+00
  -9.9447171e-01   2.7080000e+00
  -9.9367550e-01   2.6480000e+00
  -9.9287928e-01   2.7080000e+00
  -9.9208307e-01   2.4080000e+00
  -9.9128685e-01   2.6480000e+00
  -9.9049064e-01   2.5280000e+00
  -9.8969443e-01   2.4680000e+00
  -9.8889821e-01   2.4080000e+00
  -9.8810200e-01   2.2280000e+00
  -9.8730578e-01   2.2880000e+00
  -9.8650957e-01   2.3480000e+00
  -9.8571335e-01   2.1680000e+00
  -9.8491714e-01   2.2280000e+00
  -9.8412093e-01   2.1680000e+00
  -9.8332471e-01   1.9880000e+00
  -9.8252850e-01   2.1080000e+00
  -9.8173228e-01   1.9280000e+00
  -9.8093607e-01   1.9280000e+00
  -9.8013985e-01   1.9880000e+00
  -9.7934364e-01   1.7480000e+00
  -9.7854743e-01   1.8080000e+00
  -9.7775121e-01   1.6880000e+00
  -9.7695500e-01   1.5680000e+00
  -9.7615878e-01   1.6280000e+00
  -9.7536257e-01   1.5080000e+00
  -9.7456635e-01   1.5680000e+00
  -9.7377014e-01   1.4480000e+00
  -9.7297392e-01   1.3280000e+00
  -9.7217771e-01   1.4480000e+00
  -9.7138150e-01   1.2080000e+00
  -9.7058528e-01   1.2680000e+00
  -9.6978907e-01   1.1480000e+00
  -9.6899285e-01   1.0880000e+00
  -9.6819664e-01   1.0280000e+00
  -9.6740042e-01   1.0880000e+00
  -9.6660421e-01   1.0280000e+00
  -9.6580800e-01   9.6800000e-01
  -9.6501178e-01   8.4800000e-01
  -9.6421557e-01   9.0800000e-01
  -9.6341935e-01   8.4800000e-01
  -9.6262314e-01   7.2800000e-01
  -9.6182692e-01   7.2800000e-01
  -9.6103071e-01   6.6800000e-01
  -9.6023450e-01   5.4800000e-01
  -9.5943828e-01   5.4800000e-01
  -9.5864207e-01   3.0800000e-01
  -9.5784585e-01   4.2800000e-01
  -9.5704964e-01   3.0800000e-01
  -9.5625342e-01   4.2800000e-01
  -9.5545721e-01   3.6800000e-01
  -9.5466099e-01   2.4800000e-01
  -9.5386478e-01   1.2800000e-01
  -9.5306857e-01   1.8800000e-01
  -9.5227235e-01   1.2800000e-01
  -9.5147614e-01  -5.2000000e-02
  -9.5067992e-01  -5.2000000e-02
  -9.4988371e-01  -1.1200000e-01
  -9.4908749e-01  -1.1200000e-01
  -9.4829128e-01  -2.9200000e-01
  -9.4749507e-01  -2.9200000e-01
  -9.4669885e-01  -2.9200000e-01
  -9.4590264e-01  -4.1200000e-01
  -9.4510642e-01  -4.1200000e-01
  -9.4431021e-01  -5.3200000e-01
  -9.4351399e-01  -4.7200000e-01
  -9.4271778e-01  -5.3200000e-01
  -9.4192157e-01  -5.3200000e-01
  -9.4112535e-01  -6.5200000e-01
  -9.4032914e-01  -6.5200000e-01
  -9.3953292e-01  -8.3200000e-01
  -9.3873671e-01  -8.3200000e-01
  -9.3794049e-01  -8.9200000e-01
  -9.3714428e-01  -8.9200000e-01
  -9.3634807e-01  -9.5200000e-01
  -9.3555185e-01  -1.0120000e+00
  -9.3475564e-01  -1.0720000e+00
  -9.3395942e-01  -1.0720000e+00
  -9.3316321e-01  -1.2520000e+00
  -9.3236699e-01  -1.1920000e+00
  -9.3157078e-01  -1.2520000e+00
  -9.3077456e-01  -1.4920000e+00
  -9.2997835e-01  -1.4320000e+00
  -9.2918214e-01  -1.4920000e+00
  -9.2838592e-01  -1.4320000e+00
  -9.2758971e-01  -1.5520000e+00
  -9.2679349e-01  -1.4320000e+00
  -9.2599728e-01  -1.4920000e+00
  -9.2520106e-01  -1.7320000e+00
  -9.2440485e-01  -1.6720000e+00
  -9.2360864e-01  -1.8520000e+00
  -9.2281242e-01  -1.7320000e+00
  -9.2201621e-01  -1.9120000e+00
  -9.2121999e-01  -1.8520000e+00
  -9.2042378e-01  -1.9720000e+00
  -9.1962756e-01  -2.0320000e+00
  -9.1883135e-01  -2.0320000e+00
  -9.1803514e-01  -2.2120000e+00
  -9.1723892e-01  -2.0920000e+00
  -9.1644271e-01  -2.1520000e+00
  -9.1564649e-01  -2.2720000e+00
  -9.1485028e-01  -2.2720000e+00
  -9.1405406e-01  -2.2720000e+00
  -9.1325785e-01  -2.3920000e+00
  -9.1246163e-01  -2.4520000e+00
  -9.1166542e-01  -2.5120000e+00
  -9.1086921e-01  -2.4520000e+00
  -9.1007299e-01  -2.5720000e+00
  -9.0927678e-01  -2.6320000e+00
  -9.0848056e-01  -2.7520000e+00
  -9.0768435e-01  -2.6320000e+00
  -9.0688813e-01  -2.8120000e+00
  -9.0609192e-01  -2.8120000e+00
  -9.0529571e-01  -2.7520000e+00
  -9.0449949e-01  -2.8720000e+00
  -9.0370328e-01  -2.9920000e+00
  -9.0290706e-01  -2.9320000e+00
  -9.0211085e-01  -3.0520000e+00
  -9.0131463e-01  -3.1720000e+00
  -9.0051842e-01  -3.1120000e+00
  -8.9972221e-01  -3.2920000e+00
  -8.9892599e-01  -2.9920000e+00
  -8.9812978e-01  -3.2320000e+00
  -8.9733356e-01  -3.2320000e+00
  -8.9653735e-01  -3.2320000e+00
  -8.9574113e-01  -3.4720000e+00
  -8.9494492e-01  -3.3520000e+00
  -8.9414871e-01  -3.4720000e+00
  -8.9335249e-01  -3.4720000e+00
  -8.9255628e-01  -3.4120000e+00
  -8.9176006e-01  -3.5320000e+00
  -8.9096385e-01  -3.4720000e+00
  -8.9016763e-01  -3.5920000e+00
  -8.8937142e-01  -3.7120000e+00
  -8.8857520e-01  -3.7720000e+00
  -8.8777899e-01  -3.6520000e+00
  -8.8698278e-01  -3.6520000e+00
  -8.8618656e-01  -3.8320000e+00
  -8.8539035e-01  -3.7120000e+00
  -8.8459413e-01  -3.8920000e+00
  -8.8379792e-01  -3.8320000e+00
  -8.8300170e-01  -3.8920000e+00
  -8.8220549e-01  -3.9520000e+00
  -8.8140928e-01  -3.8920000e+00
  -8.8061306e-01  -3.8920000e+00
  -8.7981685e-01  -4.0720000e+00
  -8.7902063e-01  -4.1320000e+00
  -8.7822442e-01  -4.0720000e+00
  -8.7742820e-01  -4.2520000e+00
  -8.7663199e-01  -4.2520000e+00
  -8.7583578e-01  -4.2520000e+00
  -8.7503956e-01  -4.3120000e+00
  -8.7424335e-01  -4.3720000e+00
  -8.7344713e-01  -4.3720000e+00
  -8.7265092e-01  -4.3720000e+00
  -8.7185470e-01  -4.3720000e+00
  -8.7105849e-01  -4.4320000e+00
  -8.7026227e-01  -4.1920000e+00
  -8.6946606e-01  -4.3720000e+00
  -8.6866985e-01  -4.4920000e+00
  -8.6787363e-01  -4.4920000e+00
  -8.6707742e-01  -4.5520000e+00
  -8.6628120e-01  -4.5520000e+00
  -8.6548499e-01  -4.6120000e+00
  -8.6468877e-01  -4.6120000e+00
  -8.6389256e-01  -4.6720000e+00
  -8.6309635e-01  -4.7320000e+00
  -8.6230013e-01  -4.6720000e+00
  -8.6150392e-01  -4.6120000e+00
  -8.6070770e-01  -4.7320000e+00
  -8.5991149e-01  -4.8520000e+00
  -8.5911527e-01  -4.8520000e+00
  -8.5831906e-01  -4.7320000e+00
  -8.5752285e-01  -4.7320000e+00
  -8.5672663e-01  -4.6720000e+00
  -8.5593042e-01  -4.8520000e+00
  -8.5513420e-01  -4.7920000e+00
  -8.5433799e-01  -4.7320000e+00
  -8.5354177e-01  -4.9720000e+00
  -8.5274556e-01  -4.7920000e+00
  -8.5194934e-01  -4.9720000e+00
  -8.5115313e-01  -4.9720000e+00
  -8.5035692e-01  -4.9720000e+00
  -8.4956070e-01  -4.9720000e+00
  -8.4876449e-01  -4.9120000e+00
  -8.4796827e-01  -4.8520000e+00
  -8.4717206e-01  -4.9720000e+00
  -8.4637584e-01  -4.9720000e+00
  -8.4557963e-01  -5.0320000e+00
  -8.4478342e-01  -5.2120000e+00
  -8.4398720e-01  -5.0920000e+00
  -8.4319099e-01  -4.9720000e+00
  -8.4239477e-01  -5.1520000e+00
  -8.4159856e-01  -5.0920000e+00
  -8.4080234e-01  -5.0320000e+00
  -8.4000613e-01  -5.0920000e+00
  -8.3920992e-01  -5.1520000e+00
  -8.3841370e-01  -5.0320000e+00
  -8.3761749e-01  -5.1520000e+00
  -8.3682127e-01  -5.2120000e+00
  -8.3602506e-01  -5.1520000e+00
  -8.3522884e-01  -5.1520000e+00
  -8.3443263e-01  -5.0320000e+00
  -8.3363642e-01  -5.0320000e+00
  -8.3284020e-01  -5.2120000e+00
  -8.3204399e-01  -5.2120000e+00
  -8.3124777e-01  -5.2720000e+00
  -8.3045156e-01  -5.2120000e+00
  -8.2965534e-01  -5.2120000e+00
  -8.2885913e-01  -5.2120000e+00
  -8.2806291e-01  -5.2120000e+00
  -8.2726670e-01  -5.2120000e+00
  -8.2647049e-01  -5.1520000e+00
  -8.2567427e-01  -5.2720000e+00
  -8.2487806e-01  -5.0920000e+00
  -8.2408184e-01  -5.2120000e+00
  -8.2328563e-01  -5.2120000e+00
  -8.2248941e-01  -5.3320000e+00
  -8.2169320e-01  -5.1520000e+00
  -8.2089699e-01  -5.1520000e+00
  -8.2010077e-01  -5.2720000e+00
  -8.1930456e-01  -5.0920000e+00
  -8.1850834e-01  -5.1520000e+00
  -8.1771213e-01  -5.2120000e+00
  -8.1691591e-01  -5.1520000e+00
  -8.1611970e-01  -5.1520000e+00
  -8.1532349e-01  -5.2120000e+00
  -8.1452727e-01  -5.1520000e+00
  -8.1373106e-01  -5.0920000e+00
  -8.1293484e-01  -5.1520000e+00
  -8.1213863e-01  -5.2120000e+00
  -8.1134241e-01  -5.0320000e+00
  -8.1054620e-01  -5.0920000e+00
  -8.0974998e-01  -5.1520000e+00
  -8.0895377e-01  -5.0920000e+00
  -8.0815756e-01  -4.9720000e+00
  -8.0736134e-01  -5.1520000e+00
  -8.0656513e-01  -5.0320000e+00
  -8.0576891e-01  -5.0320000e+00
  -8.0497270e-01  -4.9120000e+00
  -8.0417648e-01  -5.0320000e+00
  -8.0338027e-01  -5.0320000e+00
  -8.0258406e-01  -4.9120000e+00
  -8.0178784e-01  -4.9120000e+00
  -8.0099163e-01  -4.9120000e+00
  -8.0019541e-01  -4.9720000e+00
  -7.9939920e-01  -4.9720000e+00
  -7.9860298e-01  -4.8520000e+00
  -7.9780677e-01  -4.8520000e+00
  -7.9701056e-01  -4.7920000e+00
  -7.9621434e-01  -4.8520000e+00
  -7.9541813e-01  -4.6720000e+00
  -7.9462191e-01  -4.6720000e+00
  -7.9382570e-01  -4.8520000e+00
  -7.9302948e-01  -4.8520000e+00
  -7.9223327e-01  -4.7920000e+00
  -7.9143706e-01  -4.6120000e+00
  -7.9064084e-01  -4.6720000e+00
  -7.8984463e-01  -4.6120000e+00
  -7.8904841e-01  -4.5520000e+00
  -7.8825220e-01  -4.6720000e+00
  -7.8745598e-01  -4.6120000e+00
  -7.8665977e-01  -4.5520000e+00
  -7.8586355e-01  -4.5520000e+00
  -7.8506734e-01  -4.6120000e+00
  -7.8427113e-01  -4.6120000e+00
  -7.8347491e-01  -4.4920000e+00
  -7.8267870e-01  -4.4320000e+00
  -7.8188248e-01  -4.4320000e+00
  -7.8108627e-01  -4.4320000e+00
  -7.8029005e-01  -4.4920000e+00
  -7.7949384e-01  -4.3720000e+00
  -7.7869763e-01  -4.2520000e+00
  -7.7790141e-01  -4.1920000e+00
  -7.7710520e-01  -4.1320000e+00
  -7.7630898e-01  -4.0720000e+00
  -7.7551277e-01  -4.1320000e+00
  -7.7471655e-01  -4.1320000e+00
  -7.7392034e-01  -4.0720000e+00
  -7.7312413e-01  -4.1320000e+00
  -7.7232791e-01  -4.0120000e+00
  -7.7153170e-01  -3.9520000e+00
  -7.7073548e-01  -4.0720000e+00
  -7.6993927e-01  -3.8920000e+00
  -7.6914305e-01  -3.8320000e+00
  -7.6834684e-01  -3.9520000e+00
  -7.6755062e-01  -3.8920000e+00
  -7.6675441e-01  -3.8920000e+00
  -7.6595820e-01  -3.8320000e+00
  -7.6516198e-01  -3.7120000e+00
  -7.6436577e-01  -3.8320000e+00
  -7.6356955e-01  -3.5920000e+00
  -7.6277334e-01  -3.5920000e+00
  -7.6197712e-01  -3.7120000e+00
  -7.6118091e-01  -3.5920000e+00
  -7.6038470e-01  -3.4720000e+00
  -7.5958848e-01  -3.5320000e+00
  -7.5879227e-01  -3.3520000e+00
  -7.5799605e-01  -3.3520000e+00
  -7.5719984e-01  -3.2920000e+00
  -7.5640362e-01  -3.2320000e+00
  -7.5560741e-01  -3.4120000e+00
  -7.5481120e-01  -3.2320000e+00
  -7.5401498e-01  -3.1120000e+00
  -7.5321877e-01  -3.2320000e+00
  -7.5242255e-01  -3.1720000e+00
  -7.5162634e-01  -3.0520000e+00
  -7.5083012e-01  -3.0520000e+00
  -7.5003391e-01  -2.9920000e+00
  -7.4923769e-01  -2.9920000e+00
  -7.4844148e-01  -2.8720000e+00
  -7.4764527e-01  -2.7520000e+00
  -7.4684905e-01  -2.7520000e+00
  -7.4605284e-01  -2.6320000e+00
  -7.4525662e-01  -2.7520000e+00
  -7.4446041e-01  -2.7520000e+00
  -7.4366419e-01  -2.5720000e+00
  -7.4286798e-01  -2.5720000e+00
  -7.4207177e-01  -2.6320000e+00
  -7.4127555e-01  -2.5120000e+00
  -7.4047934e-01  -2.3920000e+00
  -7.3968312e-01  -2.3320000e+00
  -7.3888691e-01  -2.3320000e+00
  -7.3809069e-01  -2.2720000e+00
  -7.3729448e-01  -2.3920000e+00
  -7.3649827e-01  -2.2120000e+00
  -7.3570205e-01  -2.2120000e+00
  -7.3490584e-01  -2.1520000e+00
  -7.3410962e-01  -2.0920000e+00
  -7.3331341e-01  -2.0320000e+00
  -7.3251719e-01  -1.9720000e+00
  -7.3172098e-01  -1.9720000e+00
  -7.3092477e-01  -1.8520000e+00
  -7.3012855e-01  -1.8520000e+00
  -7.2933234e-01  -1.9120000e+00
  -7.2853612e-01  -1.8520000e+00
  -7.2773991e-01  -1.6720000e+00
  -7.2694369e-01  -1.6720000e+00
  -7.2614748e-01  -1.6120000e+00
  -7.2535126e-01  -1.4920000e+00
  -7.2455505e-01  -1.4920000e+00
  -7.2375884e-01  -1.4320000e+00
  -7.2296262e-01  -1.4920000e+00
  -7.2216641e-01  -1.3720000e+00
  -7.2137019e-01  -1.2520000e+00
  -7.2057398e-01  -1.2520000e+00
  -7.1977776e-01  -1.1320000e+00
  -7.1898155e-01  -1.0120000e+00
  -7.1818534e-01  -9.5200000e-01
  -7.1738912e-01  -1.0720000e+00
  -7.1659291e-01  -1.0720000e+00
  -7.1579669e-01  -6.5200000e-01
  -7.1500048e-01  -8.9200000e-01
  -7.1420426e-01  -8.9200000e-01
  -7.1340805e-01  -7.1200000e-01
  -7.1261184e-01  -7.7200000e-01
  -7.1181562e-01  -7.7200000e-01
  -7.1101941e-01  -5.9200000e-01
  -7.1022319e-01  -5.9200000e-01
  -7.0942698e-01  -4.1200000e-01
  -7.0863076e-01  -5.9200000e-01
  -7.0783455e-01  -4.7200000e-01
  -7.0703833e-01  -3.5200000e-01
  -7.0624212e-01  -4.1200000e-01
  -7.0544591e-01  -2.9200000e-01
  -7.0464969e-01  -2.3200000e-01
  -7.0385348e-01  -1.7200000e-01
  -7.0305726e-01  -5.2000000e-02
  -7.0226105e-01  -5.2000000e-02
  -7.0146483e-01  -1.1200000e-01
  -7.0066862e-01   1.8800000e-01
  -6.9987241e-01   1.2800000e-01
  -6.9907619e-01   2.4800000e-01
  -6.9827998e-01   1.8800000e-01
  -6.9748376e-01   1.8800000e-01
  -6.9668755e-01   3.0800000e-01
  -6.9589133e-01   3.0800000e-01
  -6.9509512e-01   3.6800000e-01
  -6.9429891e-01   4.8800000e-01
  -6.9350269e-01   4.8800000e-01
  -6.9270648e-01   4.8800000e-01
  -6.9191026e-01   6.0800000e-01
  -6.9111405e-01   6.6800000e-01
  -6.9031783e-01   6.0800000e-01
  -6.8952162e-01   8.4800000e-01
  -6.8872541e-01   7.8800000e-01
  -6.8792919e-01   7.8800000e-01
  -6.8713298e-01   9.0800000e-01
  -6.8633676e-01   9.6800000e-01
  -6.8554055e-01   1.0880000e+00
  -6.8474433e-01   1.0880000e+00
  -6.8394812e-01   1.1480000e+00
  -6.8315190e-01   1.2080000e+00
  -6.8235569e-01   1.1480000e+00
  -6.8155948e-01   1.2080000e+00
  -6.8076326e-01   1.3880000e+00
  -6.7996705e-01   1.4480000e+00
  -6.7917083e-01   1.5080000e+00
  -6.7837462e-01   1.5680000e+00
  -6.7757840e-01   1.5680000e+00
  -6.7678219e-01   1.5080000e+00
  -6.7598598e-01   1.6880000e+00
  -6.7518976e-01   1.7480000e+00
  -6.7439355e-01   1.7480000e+00
  -6.7359733e-01   1.8680000e+00
  -6.7280112e-01   1.6880000e+00
  -6.7200490e-01   1.9280000e+00
  -6.7120869e-01   1.8680000e+00
  -6.7041248e-01   2.1080000e+00
  -6.6961626e-01   2.0480000e+00
  -6.6882005e-01   2.1680000e+00
  -6.6802383e-01   2.2280000e+00
  -6.6722762e-01   2.2280000e+00
  -6.6643140e-01   2.1680000e+00
  -6.6563519e-01   2.2280000e+00
  -6.6483897e-01   2.3480000e+00
  -6.6404276e-01   2.2880000e+00
  -6.6324655e-01   2.4680000e+00
  -6.6245033e-01   2.4080000e+00
  -6.6165412e-01   2.4080000e+00
  -6.6085790e-01   2.5880000e+00
  -6.6006169e-01   2.6480000e+00
  -6.5926547e-01   2.6480000e+00
  -6.5846926e-01   2.6480000e+00
  -6.5767305e-01   2.6480000e+00
  -6.5687683e-01   2.7680000e+00
  -6.5608062e-01   2.6480000e+00
  -6.5528440e-01   2.9480000e+00
  -6.5448819e-01   2.8280000e+00
  -6.5369197e-01   3.0680000e+00
  -6.5289576e-01   2.9480000e+00
  -6.5209955e-01   3.0080000e+00
  -6.5130333e-01   2.9480000e+00
  -6.5050712e-01   3.0680000e+00
  -6.4971090e-01   3.1280000e+00
  -6.4891469e-01   3.1880000e+00
  -6.4811847e-01   3.3080000e+00
  -6.4732226e-01   3.2480000e+00
  -6.4652604e-01   3.4280000e+00
  -6.4572983e-01   3.3080000e+00
  -6.4493362e-01   3.3080000e+00
  -6.4413740e-01   3.4880000e+00
  -6.4334119e-01   3.5480000e+00
  -6.4254497e-01   3.5480000e+00
  -6.4174876e-01   3.4280000e+00
  -6.4095254e-01   3.5480000e+00
  -6.4015633e-01   3.6080000e+00
  -6.3936012e-01   3.6680000e+00
  -6.3856390e-01   3.8480000e+00
  -6.3776769e-01   3.7880000e+00
  -6.3697147e-01   3.7880000e+00
  -6.3617526e-01   3.7880000e+00
  -6.3537904e-01   3.8480000e+00
  -6.3458283e-01   3.8480000e+00
  -6.3378662e-01   3.9680000e+00
  -6.3299040e-01   3.9680000e+00
  -6.3219419e-01   3.8480000e+00
  -6.3139797e-01   3.9680000e+00
  -6.3060176e-01   4.1480000e+00
  -6.2980554e-01   4.0880000e+00
  -6.2900933e-01   4.0280000e+00
  -6.2821312e-01   4.0880000e+00
  -6.2741690e-01   4.2080000e+00
  -6.2662069e-01   4.3280000e+00
  -6.2582447e-01   4.2080000e+00
  -6.2502826e-01   4.2680000e+00
  -6.2423204e-01   4.3280000e+00
  -6.2343583e-01   4.3280000e+00
  -6.2263961e-01   4.3280000e+00
  -6.2184340e-01   4.4480000e+00
  -6.2104719e-01   4.2680000e+00
  -6.2025097e-01   4.4480000e+00
  -6.1945476e-01   4.5680000e+00
  -6.1865854e-01   4.4480000e+00
  -6.1786233e-01   4.6280000e+00
  -6.1706611e-01   4.6280000e+00
  -6.1626990e-01   4.5080000e+00
  -6.1547369e-01   4.6280000e+00
  -6.1467747e-01   4.6880000e+00
  -6.1388126e-01   4.6280000e+00
  -6.1308504e-01   4.6880000e+00
  -6.1228883e-01   4.6880000e+00
  -6.1149261e-01   4.5680000e+00
  -6.1069640e-01   4.6280000e+00
  -6.0990019e-01   4.8080000e+00
  -6.0910397e-01   4.8680000e+00
  -6.0830776e-01   4.8680000e+00
  -6.0751154e-01   4.8680000e+00
  -6.0671533e-01   4.9280000e+00
  -6.0591911e-01   4.9280000e+00
  -6.0512290e-01   4.8680000e+00
  -6.0432668e-01   4.8680000e+00
  -6.0353047e-01   4.8680000e+00
  -6.0273426e-01   4.9880000e+00
  -6.0193804e-01   5.0480000e+00
  -6.0114183e-01   4.9280000e+00
  -6.0034561e-01   4.9880000e+00
  -5.9954940e-01   4.9880000e+00
  -5.9875318e-01   5.0480000e+00
  -5.9795697e-01   4.9880000e+00
  -5.9716076e-01   4.9880000e+00
  -5.9636454e-01   5.1080000e+00
  -5.9556833e-01   4.9880000e+00
  -5.9477211e-01   5.1080000e+00
  -5.9397590e-01   5.2280000e+00
  -5.9317968e-01   5.0480000e+00
  -5.9238347e-01   5.1080000e+00
  -5.9158726e-01   5.2280000e+00
  -5.9079104e-01   5.2280000e+00
  -5.8999483e-01   5.1680000e+00
  -5.8919861e-01   5.1680000e+00
  -5.8840240e-01   5.1680000e+00
  -5.8760618e-01   5.1680000e+00
  -5.8680997e-01   5.2880000e+00
  -5.8601376e-01   5.1080000e+00
  -5.8521754e-01   5.1680000e+00
  -5.8442133e-01   5.1080000e+00
  -5.8362511e-01   5.2280000e+00
  -5.8282890e-01   5.1680000e+00
  -5.8203268e-01   5.2280000e+00
  -5.8123647e-01   5.2280000e+00
  -5.8044025e-01   5.2880000e+00
  -5.7964404e-01   5.2280000e+00
  -5.7884783e-01   5.2280000e+00
  -5.7805161e-01   5.2880000e+00
  -5.7725540e-01   5.1680000e+00
  -5.7645918e-01   5.2280000e+00
  -5.7566297e-01   5.1680000e+00
  -5.7486675e-01   5.2880000e+00
  -5.7407054e-01   5.2880000e+00
  -5.7327433e-01   5.1680000e+00
  -5.7247811e-01   5.2880000e+00
  -5.7168190e-01   5.1680000e+00
  -5.7088568e-01   5.2280000e+00
  -5.7008947e-01   5.1080000e+00
  -5.6929325e-01   5.1080000e+00
  -5.6849704e-01   5.2280000e+00
  -5.6770083e-01   5.2280000e+00
  -5.6690461e-01   5.2280000e+00
  -5.6610840e-01   5.2280000e+00
  -5.6531218e-01   5.1080000e+00
  -5.6451597e-01   5.2280000e+00
  -5.6371975e-01   5.2280000e+00
  -5.6292354e-01   5.1680000e+00
  -5.6212732e-01   5.1680000e+00
  -5.6133111e-01   5.1680000e+00
  -5.6053490e-01   5.1680000e+00
  -5.5973868e-01   5.1080000e+00
  -5.5894247e-01   5.0480000e+00
  -5.5814625e-01   5.1080000e+00
  -5.5735004e-01   5.0480000e+00
  -5.5655382e-01   4.9880000e+00
  -5.5575761e-01   5.1080000e+00
  -5.5496140e-01   5.0480000e+00
  -5.5416518e-01   5.0480000e+00
  -5.5336897e-01   4.9880000e+00
  -5.5257275e-01   5.0480000e+00
  -5.5177654e-01   5.1080000e+00
  -5.5098032e-01   4.9880000e+00
  -5.5018411e-01   4.9280000e+00
  -5.4938790e-01   4.9280000e+00
  -5.4859168e-01   4.9280000e+00
  -5.4779547e-01   4.9880000e+00
  -5.4699925e-01   4.8680000e+00
  -5.4620304e-01   4.8680000e+00
  -5.4540682e-01   4.9280000e+00
  -5.4461061e-01   4.7480000e+00
  -5.4381439e-01   4.7480000e+00
  -5.4301818e-01   4.8680000e+00
  -5.4222197e-01   4.7480000e+00
  -5.4142575e-01   4.8080000e+00
  -5.4062954e-01   4.6880000e+00
  -5.3983332e-01   4.6880000e+00
  -5.3903711e-01   4.8080000e+00
  -5.3824089e-01   4.5080000e+00
  -5.3744468e-01   4.6280000e+00
  -5.3664847e-01   4.5680000e+00
  -5.3585225e-01   4.5080000e+00
  -5.3505604e-01   4.6880000e+00
  -5.3425982e-01   4.4480000e+00
  -5.3346361e-01   4.4480000e+00
  -5.3266739e-01   4.5080000e+00
  -5.3187118e-01   4.4480000e+00
  -5.3107497e-01   4.3880000e+00
  -5.3027875e-01   4.2680000e+00
  -5.2948254e-01   4.3280000e+00
  -5.2868632e-01   4.3280000e+00
  -5.2789011e-01   4.3280000e+00
  -5.2709389e-01   4.3280000e+00
  -5.2629768e-01   4.2080000e+00
  -5.2550147e-01   4.2080000e+00
  -5.2470525e-01   4.1480000e+00
  -5.2390904e-01   4.1480000e+00
  -5.2311282e-01   4.0880000e+00
  -5.2231661e-01   4.0880000e+00
  -5.2152039e-01   4.2080000e+00
  -5.2072418e-01   3.9680000e+00
  -5.1992796e-01   3.9680000e+00
  -5.1913175e-01   3.8480000e+00
  -5.1833554e-01   3.8480000e+00
  -5.1753932e-01   3.7880000e+00
  -5.1674311e-01   3.8480000e+00
  -5.1594689e-01   3.7280000e+00
  -5.1515068e-01   3.6680000e+00
  -5.1435446e-01   3.7880000e+00
  -5.1355825e-01   3.5480000e+00
  -5.1276204e-01   3.7280000e+00
  -5.1196582e-01   3.6080000e+00
  -5.1116961e-01   3.6680000e+00
  -5.1037339e-01   3.6080000e+00
  -5.0957718e-01   3.4880000e+00
  -5.0878096e-01   3.4880000e+00
  -5.0798475e-01   3.4280000e+00
  -5.0718854e-01   3.3080000e+00
  -5.0639232e-01   3.3080000e+00
  -5.0559611e-01   3.3680000e+00
  -5.0479989e-01   3.2480000e+00
  -5.0400368e-01   3.1880000e+00
  -5.0320746e-01   3.2480000e+00
  -5.0241125e-01   3.1280000e+00
  -5.0161503e-01   3.1880000e+00
  -5.0081882e-01   3.0080000e+00
  -5.0002261e-01   3.1280000e+00
  -4.9922639e-01   3.0080000e+00
  -4.9843018e-01   2.8280000e+00
  -4.9763396e-01   3.0680000e+00
  -4.9683775e-01   2.8280000e+00
  -4.9604153e-01   2.7680000e+00
  -4.9524532e-01   2.6480000e+00
  -4.9444911e-01   2.7080000e+00
  -4.9365289e-01   2.7080000e+00
  -4.9285668e-01   2.6480000e+00
  -4.9206046e-01   2.5880000e+00
  -4.9126425e-01   2.5880000e+00
  -4.9046803e-01   2.3480000e+00
  -4.8967182e-01   2.4080000e+00
  -4.8887561e-01   2.2880000e+00
  -4.8807939e-01   2.2880000e+00
  -4.8728318e-01   2.2880000e+00
  -4.8648696e-01   2.2280000e+00
  -4.8569075e-01   2.2880000e+00
  -4.8489453e-01   2.1080000e+00
  -4.8409832e-01   2.1080000e+00
  -4.8330211e-01   1.9880000e+00
  -4.8250589e-01   1.9280000e+00
  -4.8170968e-01   1.9880000e+00
  -4.8091346e-01   1.9280000e+00
  -4.8011725e-01   1.8080000e+00
  -4.7932103e-01   1.9280000e+00
  -4.7852482e-01   1.8080000e+00
  -4.7772860e-01   1.5680000e+00
  -4.7693239e-01   1.7480000e+00
  -4.7613618e-01   1.7480000e+00
  -4.7533996e-01   1.4480000e+00
  -4.7454375e-01   1.5080000e+00
  -4.7374753e-01   1.4480000e+00
  -4.7295132e-01   1.4480000e+00
  -4.7215510e-01   1.3280000e+00
  -4.7135889e-01   1.3280000e+00
  -4.7056268e-01   1.2680000e+00
  -4.6976646e-01   1.1480000e+00
  -4.6897025e-01   1.1480000e+00
  -4.6817403e-01   1.1480000e+00
  -4.6737782e-01   1.0880000e+00
  -4.6658160e-01   1.0880000e+00
  -4.6578539e-01   1.0280000e+00
  -4.6498918e-01   8.4800000e-01
  -4.6419296e-01   8.4800000e-01
  -4.6339675e-01   9.0800000e-01
  -4.6260053e-01   7.2800000e-01
  -4.6180432e-01   6.6800000e-01
  -4.6100810e-01   6.0800000e-01
  -4.6021189e-01   6.0800000e-01
  -4.5941567e-01   6.0800000e-01
  -4.5861946e-01   4.8800000e-01
  -4.5782325e-01   3.6800000e-01
  -4.5702703e-01   2.4800000e-01
  -4.5623082e-01   3.0800000e-01
  -4.5543460e-01   3.0800000e-01
  -4.5463839e-01   2.4800000e-01
  -4.5384217e-01   1.2800000e-01
  -4.5304596e-01   6.8000000e-02
  -4.5224975e-01   1.2800000e-01
  -4.5145353e-01  -1.1200000e-01
  -4.5065732e-01  -5.2000000e-02
  -4.4986110e-01   8.0000000e-03
  -4.4906489e-01  -1.1200000e-01
  -4.4826867e-01  -1.7200000e-01
  -4.4747246e-01  -3.5200000e-01
  -4.4667625e-01  -2.3200000e-01
  -4.4588003e-01  -4.7200000e-01
  -4.4508382e-01  -4.1200000e-01
  -4.4428760e-01  -4.7200000e-01
  -4.4349139e-01  -4.7200000e-01
  -4.4269517e-01  -5.3200000e-01
  -4.4189896e-01  -6.5200000e-01
  -4.4110274e-01  -7.1200000e-01
  -4.4030653e-01  -8.3200000e-01
  -4.3951032e-01  -7.7200000e-01
  -4.3871410e-01  -7.1200000e-01
  -4.3791789e-01  -9.5200000e-01
  -4.3712167e-01  -9.5200000e-01
  -4.3632546e-01  -1.0120000e+00
  -4.3552924e-01  -1.0720000e+00
  -4.3473303e-01  -1.0120000e+00
  -4.3393682e-01  -1.1920000e+00
  -4.3314060e-01  -1.1920000e+00
  -4.3234439e-01  -1.3120000e+00
  -4.3154817e-01  -1.1320000e+00
  -4.3075196e-01  -1.3720000e+00
  -4.2995574e-01  -1.3720000e+00
  -4.2915953e-01  -1.4320000e+00
  -4.2836332e-01  -1.4920000e+00
  -4.2756710e-01  -1.5520000e+00
  -4.2677089e-01  -1.7320000e+00
  -4.2597467e-01  -1.6720000e+00
  -4.2517846e-01  -1.7320000e+00
  -4.2438224e-01  -1.7920000e+00
  -4.2358603e-01  -1.6720000e+00
  -4.2278982e-01  -1.7920000e+00
  -4.2199360e-01  -1.9120000e+00
  -4.2119739e-01  -1.9120000e+00
  -4.2040117e-01  -1.9720000e+00
  -4.1960496e-01  -1.9720000e+00
  -4.1880874e-01  -2.0920000e+00
  -4.1801253e-01  -2.1520000e+00
  -4.1721631e-01  -2.1520000e+00
  -4.1642010e-01  -2.2120000e+00
  -4.1562389e-01  -2.4520000e+00
  -4.1482767e-01  -2.2720000e+00
  -4.1403146e-01  -2.3320000e+00
  -4.1323524e-01  -2.3920000e+00
  -4.1243903e-01  -2.4520000e+00
  -4.1164281e-01  -2.5720000e+00
  -4.1084660e-01  -2.5120000e+00
  -4.1005039e-01  -2.5720000e+00
  -4.0925417e-01  -2.5720000e+00
  -4.0845796e-01  -2.6920000e+00
  -4.0766174e-01  -2.6920000e+00
  -4.0686553e-01  -2.7520000e+00
  -4.0606931e-01  -2.9320000e+00
  -4.0527310e-01  -2.8120000e+00
  -4.0447689e-01  -2.8720000e+00
  -4.0368067e-01  -2.8120000e+00
  -4.0288446e-01  -2.9920000e+00
  -4.0208824e-01  -2.9920000e+00
  -4.0129203e-01  -3.1120000e+00
  -4.0049581e-01  -3.1720000e+00
  -3.9969960e-01  -3.2320000e+00
  -3.9890338e-01  -3.3520000e+00
  -3.9810717e-01  -3.3520000e+00
  -3.9731096e-01  -3.2920000e+00
  -3.9651474e-01  -3.3520000e+00
  -3.9571853e-01  -3.4120000e+00
  -3.9492231e-01  -3.4120000e+00
  -3.9412610e-01  -3.3520000e+00
  -3.9332988e-01  -3.5320000e+00
  -3.9253367e-01  -3.4120000e+00
  -3.9173746e-01  -3.4120000e+00
  -3.9094124e-01  -3.5320000e+00
  -3.9014503e-01  -3.5320000e+00
  -3.8934881e-01  -3.7720000e+00
  -3.8855260e-01  -3.7720000e+00
  -3.8775638e-01  -3.7720000e+00
  -3.8696017e-01  -3.7720000e+00
  -3.8616396e-01  -3.7120000e+00
  -3.8536774e-01  -3.8320000e+00
  -3.8457153e-01  -3.8920000e+00
  -3.8377531e-01  -3.8920000e+00
  -3.8297910e-01  -3.9520000e+00
  -3.8218288e-01  -3.9520000e+00
  -3.8138667e-01  -3.9520000e+00
  -3.8059046e-01  -4.0720000e+00
  -3.7979424e-01  -4.1920000e+00
  -3.7899803e-01  -4.0120000e+00
  -3.7820181e-01  -4.1320000e+00
  -3.7740560e-01  -4.1320000e+00
  -3.7660938e-01  -4.2520000e+00
  -3.7581317e-01  -4.2520000e+00
  -3.7501695e-01  -4.0720000e+00
  -3.7422074e-01  -4.4320000e+00
  -3.7342453e-01  -4.3720000e+00
  -3.7262831e-01  -4.3120000e+00
  -3.7183210e-01  -4.4920000e+00
  -3.7103588e-01  -4.3120000e+00
  -3.7023967e-01  -4.5520000e+00
  -3.6944345e-01  -4.4320000e+00
  -3.6864724e-01  -4.5520000e+00
  -3.6785103e-01  -4.4920000e+00
  -3.6705481e-01  -4.4920000e+00
  -3.6625860e-01  -4.6120000e+00
  -3.6546238e-01  -4.6120000e+00
  -3.6466617e-01  -4.5520000e+00
  -3.6386995e-01  -4.6720000e+00
  -3.6307374e-01  -4.7320000e+00
  -3.6227753e-01  -4.6720000e+00
  -3.6148131e-01  -4.7320000e+00
  -3.6068510e-01  -4.7320000e+00
  -3.5988888e-01  -4.7920000e+00
  -3.5909267e-01  -4.7920000e+00
  -3.5829645e-01  -4.8520000e+00
  -3.5750024e-01  -4.8520000e+00
  -3.5670402e-01  -4.7320000e+00
  -3.5590781e-01  -4.7920000e+00
  -3.5511160e-01  -4.9720000e+00
  -3.5431538e-01  -4.9120000e+00
  -3.5351917e-01  -4.8520000e+00
  -3.5272295e-01  -4.8520000e+00
  -3.5192674e-01  -4.8520000e+00
  -3.5113052e-01  -4.9720000e+00
  -3.5033431e-01  -4.9720000e+00
  -3.4953810e-01  -5.0320000e+00
  -3.4874188e-01  -5.0320000e+00
  -3.4794567e-01  -4.9120000e+00
  -3.4714945e-01  -5.0320000e+00
  -3.4635324e-01  -5.0920000e+00
  -3.4555702e-01  -5.0320000e+00
  -3.4476081e-01  -5.0320000e+00
  -3.4396460e-01  -5.0320000e+00
  -3.4316838e-01  -4.9720000e+00
  -3.4237217e-01  -5.0920000e+00
  -3.4157595e-01  -5.0320000e+00
  -3.4077974e-01  -5.0920000e+00
  -3.3998352e-01  -5.0920000e+00
  -3.3918731e-01  -5.1520000e+00
  -3.3839109e-01  -5.0920000e+00
  -3.3759488e-01  -5.0920000e+00
  -3.3679867e-01  -5.1520000e+00
  -3.3600245e-01  -5.0920000e+00
  -3.3520624e-01  -5.1520000e+00
  -3.3441002e-01  -5.2120000e+00
  -3.3361381e-01  -5.1520000e+00
  -3.3281759e-01  -5.2720000e+00
  -3.3202138e-01  -5.0920000e+00
  -3.3122517e-01  -5.0920000e+00
  -3.3042895e-01  -5.2120000e+00
  -3.2963274e-01  -5.2120000e+00
  -3.2883652e-01  -5.2720000e+00
  -3.2804031e-01  -5.1520000e+00
  -3.2724409e-01  -5.2120000e+00
  -3.2644788e-01  -5.1520000e+00
  -3.2565167e-01  -5.0920000e+00
  -3.2485545e-01  -5.0920000e+00
  -3.2405924e-01  -5.0920000e+00
  -3.2326302e-01  -5.2720000e+00
  -3.2246681e-01  -5.2120000e+00
  -3.2167059e-01  -5.1520000e+00
  -3.2087438e-01  -5.2720000e+00
  -3.2007817e-01  -5.2720000e+00
  -3.1928195e-01  -5.0920000e+00
  -3.1848574e-01  -5.1520000e+00
  -3.1768952e-01  -5.2120000e+00
  -3.1689331e-01  -5.2120000e+00
  -3.1609709e-01  -5.0920000e+00
  -3.1530088e-01  -5.1520000e+00
  -3.1450466e-01  -5.2120000e+00
  -3.1370845e-01  -5.1520000e+00
  -3.1291224e-01  -5.0920000e+00
  -3.1211602e-01  -5.0320000e+00
  -3.1131981e-01  -5.1520000e+00
  -3.1052359e-01  -5.1520000e+00
  -3.0972738e-01  -5.0920000e+00
  -3.0893116e-01  -5.1520000e+00
  -3.0813495e-01  -5.0320000e+00
  -3.0733874e-01  -5.0320000e+00
  -3.0654252e-01  -5.0920000e+00
  -3.0574631e-01  -4.9720000e+00
  -3.0495009e-01  -4.9720000e+00
  -3.0415388e-01  -4.9720000e+00
  -3.0335766e-01  -4.9720000e+00
  -3.0256145e-01  -5.0320000e+00
  -3.0176524e-01  -5.0320000e+00
  -3.0096902e-01  -5.0320000e+00
  -3.0017281e-01  -4.9120000e+00
  -2.9937659e-01  -4.9120000e+00
  -2.9858038e-01  -4.9120000e+00
  -2.9778416e-01  -4.7920000e+00
  -2.9698795e-01  -4.9720000e+00
  -2.9619173e-01  -4.7920000e+00
  -2.9539552e-01  -4.7920000e+00
  -2.9459931e-01  -4.8520000e+00
  -2.9380309e-01  -4.7320000e+00
  -2.9300688e-01  -4.7920000e+00
  -2.9221066e-01  -4.6120000e+00
  -2.9141445e-01  -4.7320000e+00
  -2.9061823e-01  -4.6720000e+00
  -2.8982202e-01  -4.7320000e+00
  -2.8902581e-01  -4.6120000e+00
  -2.8822959e-01  -4.6120000e+00
  -2.8743338e-01  -4.6120000e+00
  -2.8663716e-01  -4.4920000e+00
  -2.8584095e-01  -4.6120000e+00
  -2.8504473e-01  -4.5520000e+00
  -2.8424852e-01  -4.4920000e+00
  -2.8345231e-01  -4.5520000e+00
  -2.8265609e-01  -4.2520000e+00
  -2.8185988e-01  -4.4320000e+00
  -2.8106366e-01  -4.4320000e+00
  -2.8026745e-01  -4.3720000e+00
  -2.7947123e-01  -4.3120000e+00
  -2.7867502e-01  -4.1920000e+00
  -2.7787881e-01  -4.3120000e+00
  -2.7708259e-01  -4.1920000e+00
  -2.7628638e-01  -4.3120000e+00
  -2.7549016e-01  -4.2520000e+00
  -2.7469395e-01  -4.1320000e+00
  -2.7389773e-01  -4.1320000e+00
  -2.7310152e-01  -4.0720000e+00
  -2.7230530e-01  -4.0720000e+00
  -2.7150909e-01  -4.0720000e+00
  -2.7071288e-01  -4.0120000e+00
  -2.6991666e-01  -3.8920000e+00
  -2.6912045e-01  -3.8920000e+00
  -2.6832423e-01  -3.7720000e+00
  -2.6752802e-01  -3.8920000e+00
  -2.6673180e-01  -3.8320000e+00
  -2.6593559e-01  -3.6520000e+00
  -2.6513938e-01  -3.7120000e+00
  -2.6434316e-01  -3.7120000e+00
  -2.6354695e-01  -3.7120000e+00
  -2.6275073e-01  -3.7120000e+00
  -2.6195452e-01  -3.5920000e+00
  -2.6115830e-01  -3.5920000e+00
  -2.6036209e-01  -3.5320000e+00
  -2.5956588e-01  -3.4720000e+00
  -2.5876966e-01  -3.4120000e+00
  -2.5797345e-01  -3.4720000e+00
  -2.5717723e-01  -3.3520000e+00
  -2.5638102e-01  -3.2920000e+00
  -2.5558480e-01  -3.1720000e+00
  -2.5478859e-01  -3.2920000e+00
  -2.5399237e-01  -3.2320000e+00
  -2.5319616e-01  -3.1120000e+00
  -2.5239995e-01  -3.2920000e+00
  -2.5160373e-01  -3.2320000e+00
  -2.5080752e-01  -2.9320000e+00
  -2.5001130e-01  -3.0520000e+00
  -2.4921509e-01  -2.9320000e+00
  -2.4841887e-01  -2.9920000e+00
  -2.4762266e-01  -2.9320000e+00
  -2.4682645e-01  -2.7520000e+00
  -2.4603023e-01  -2.7520000e+00
  -2.4523402e-01  -2.6920000e+00
  -2.4443780e-01  -2.6920000e+00
  -2.4364159e-01  -2.6320000e+00
  -2.4284537e-01  -2.6320000e+00
  -2.4204916e-01  -2.5720000e+00
  -2.4125295e-01  -2.6920000e+00
  -2.4045673e-01  -2.4520000e+00
  -2.3966052e-01  -2.3920000e+00
  -2.3886430e-01  -2.3920000e+00
  -2.3806809e-01  -2.3920000e+00
  -2.3727187e-01  -2.2720000e+00
  -2.3647566e-01  -2.2120000e+00
  -2.3567944e-01  -2.2120000e+00
  -2.3488323e-01  -2.2720000e+00
  -2.3408702e-01  -2.1520000e+00
  -2.3329080e-01  -2.0320000e+00
  -2.3249459e-01  -2.0920000e+00
  -2.3169837e-01  -2.0920000e+00
  -2.3090216e-01  -1.9120000e+00
  -2.3010594e-01  -1.7320000e+00
  -2.2930973e-01  -1.7920000e+00
  -2.2851352e-01  -1.7920000e+00
  -2.2771730e-01  -1.6720000e+00
  -2.2692109e-01  -1.6720000e+00
  -2.2612487e-01  -1.6720000e+00
  -2.2532866e-01  -1.4920000e+00
  -2.2453244e-01  -1.6120000e+00
  -2.2373623e-01  -1.4920000e+00
  -2.2294002e-01  -1.4920000e+00
  -2.2214380e-01  -1.4320000e+00
  -2.2134759e-01  -1.4320000e+00
  -2.2055137e-01  -1.2520000e+00
  -2.1975516e-01  -1.2520000e+00
  -2.1895894e-01  -1.1920000e+00
  -2.1816273e-01  -1.0720000e+00
  -2.1736652e-01  -1.0120000e+00
  -2.1657030e-01  -1.0120000e+00
  -2.1577409e-01  -1.0120000e+00
  -2.1497787e-01  -8.9200000e-01
  -2.1418166e-01  -8.9200000e-01
  -2.1338544e-01  -8.3200000e-01
  -2.1258923e-01  -8.3200000e-01
  -2.1179301e-01  -7.1200000e-01
  -2.1099680e-01  -5.3200000e-01
  -2.1020059e-01  -4.7200000e-01
  -2.0940437e-01  -4.7200000e-01
  -2.0860816e-01  -4.1200000e-01
  -2.0781194e-01  -4.1200000e-01
  -2.0701573e-01  -3.5200000e-01
  -2.0621951e-01  -3.5200000e-01
  -2.0542330e-01  -2.9200000e-01
  -2.0462709e-01  -2.3200000e-01
  -2.0383087e-01  -1.7200000e-01
  -2.0303466e-01  -1.7200000e-01
  -2.0223844e-01  -1.7200000e-01
  -2.0144223e-01  -1.1200000e-01
  -2.0064601e-01  -5.2000000e-02
  -1.9984980e-01   1.8800000e-01
  -1.9905359e-01   6.8000000e-02
  -1.9825737e-01   1.8800000e-01
  -1.9746116e-01   3.0800000e-01
  -1.9666494e-01   2.4800000e-01
  -1.9586873e-01   2.4800000e-01
  -1.9507251e-01   5.4800000e-01
  -1.9427630e-01   6.0800000e-01
  -1.9348008e-01   5.4800000e-01
  -1.9268387e-01   4.8800000e-01
  -1.9188766e-01   6.0800000e-01
  -1.9109144e-01   6.6800000e-01
  -1.9029523e-01   7.8800000e-01
  -1.8949901e-01   7.2800000e-01
  -1.8870280e-01   7.8800000e-01
  -1.8790658e-01   9.0800000e-01
  -1.8711037e-01   9.6800000e-01
  -1.8631416e-01   1.0880000e+00
  -1.8551794e-01   1.0280000e+00
  -1.8472173e-01   1.1480000e+00
  -1.8392551e-01   1.0880000e+00
  -1.8312930e-01   1.2080000e+00
  -1.8233308e-01   1.2080000e+00
  -1.8153687e-01   1.2680000e+00
  -1.8074066e-01   1.2680000e+00
  -1.7994444e-01   1.3880000e+00
  -1.7914823e-01   1.3880000e+00
  -1.7835201e-01   1.5080000e+00
  -1.7755580e-01   1.6280000e+00
  -1.7675958e-01   1.6280000e+00
  -1.7596337e-01   1.6280000e+00
  -1.7516716e-01   1.7480000e+00
  -1.7437094e-01   1.8080000e+00
  -1.7357473e-01   1.8680000e+00
  -1.7277851e-01   1.8680000e+00
  -1.7198230e-01   1.8680000e+00
  -1.7118608e-01   1.8680000e+00
  -1.7038987e-01   2.0480000e+00
  -1.6959365e-01   2.1080000e+00
  -1.6879744e-01   2.0480000e+00
  -1.6800123e-01   2.2280000e+00
  -1.6720501e-01   2.1680000e+00
  -1.6640880e-01   2.2880000e+00
  -1.6561258e-01   2.2280000e+00
  -1.6481637e-01   2.3480000e+00
  -1.6402015e-01   2.4080000e+00
  -1.6322394e-01   2.5280000e+00
  -1.6242773e-01   2.4680000e+00
  -1.6163151e-01   2.4680000e+00
  -1.6083530e-01   2.5880000e+00
  -1.6003908e-01   2.6480000e+00
  -1.5924287e-01   2.7080000e+00
  -1.5844665e-01   2.5880000e+00
  -1.5765044e-01   2.7080000e+00
  -1.5685423e-01   2.8280000e+00
  -1.5605801e-01   2.7680000e+00
  -1.5526180e-01   2.8280000e+00
  -1.5446558e-01   2.8880000e+00
  -1.5366937e-01   3.0080000e+00
  -1.5287315e-01   3.0680000e+00
  -1.5207694e-01   3.0080000e+00
  -1.5128072e-01   3.1880000e+00
  -1.5048451e-01   3.0680000e+00
  -1.4968830e-01   3.0680000e+00
  -1.4889208e-01   3.1280000e+00
  -1.4809587e-01   3.0680000e+00
  -1.4729965e-01   3.1880000e+00
  -1.4650344e-01   3.3080000e+00
  -1.4570722e-01   3.3680000e+00
  -1.4491101e-01   3.4280000e+00
  -1.4411480e-01   3.5480000e+00
  -1.4331858e-01   3.5480000e+00
  -1.4252237e-01   3.4880000e+00
  -1.4172615e-01   3.6080000e+00
  -1.4092994e-01   3.6080000e+00
  -1.4013372e-01   3.6080000e+00
  -1.3933751e-01   3.5480000e+00
  -1.3854130e-01   3.6680000e+00
  -1.3774508e-01   3.8480000e+00
  -1.3694887e-01   3.7280000e+00
  -1.3615265e-01   3.7280000e+00
  -1.3535644e-01   3.8480000e+00
  -1.3456022e-01   3.8480000e+00
  -1.3376401e-01   3.9080000e+00
  -1.3296779e-01   4.0880000e+00
  -1.3217158e-01   3.9080000e+00
  -1.3137537e-01   4.0280000e+00
  -1.3057915e-01   4.0280000e+00
  -1.2978294e-01   4.0880000e+00
  -1.2898672e-01   4.0280000e+00
  -1.2819051e-01   4.2680000e+00
  -1.2739429e-01   4.2080000e+00
  -1.2659808e-01   4.2680000e+00
  -1.2580187e-01   4.0280000e+00
  -1.2500565e-01   4.2680000e+00
  -1.2420944e-01   4.2680000e+00
  -1.2341322e-01   4.2680000e+00
  -1.2261701e-01   4.3280000e+00
  -1.2182079e-01   4.2680000e+00
  -1.2102458e-01   4.5080000e+00
  -1.2022837e-01   4.3880000e+00
  -1.1943215e-01   4.3880000e+00
  -1.1863594e-01   4.5080000e+00
  -1.1783972e-01   4.4480000e+00
  -1.1704351e-01   4.6280000e+00
  -1.1624729e-01   4.5680000e+00
  -1.1545108e-01   4.6280000e+00
  -1.1465487e-01   4.5680000e+00
  -1.1385865e-01   4.6280000e+00
  -1.1306244e-01   4.5680000e+00
  -1.1226622e-01   4.5680000e+00
  -1.1147001e-01   4.5680000e+00
  -1.1067379e-01   4.5680000e+00
  -1.0987758e-01   4.6280000e+00
  -1.0908136e-01   4.6880000e+00
  -1.0828515e-01   4.6880000e+00
  -1.0748894e-01   4.7480000e+00
  -1.0669272e-01   4.8080000e+00
  -1.0589651e-01   4.9880000e+00
  -1.0510029e-01   4.7480000e+00
  -1.0430408e-01   4.8080000e+00
  -1.0350786e-01   4.9880000e+00
  -1.0271165e-01   4.7480000e+00
  -1.0191544e-01   4.9880000e+00
  -1.0111922e-01   4.9280000e+00
  -1.0032301e-01   4.9280000e+00
  -9.9526793e-02   4.9280000e+00
  -9.8730578e-02   4.8680000e+00
  -9.7934364e-02   4.9880000e+00
  -9.7138150e-02   5.0480000e+00
  -9.6341935e-02   4.9880000e+00
  -9.5545721e-02   4.9880000e+00
  -9.4749507e-02   5.0480000e+00
  -9.3953292e-02   5.1080000e+00
  -9.3157078e-02   5.0480000e+00
  -9.2360864e-02   5.0480000e+00
  -9.1564649e-02   5.1080000e+00
  -9.0768435e-02   5.2280000e+00
  -8.9972221e-02   5.0480000e+00
  -8.9176006e-02   5.0480000e+00
  -8.8379792e-02   5.2280000e+00
  -8.7583578e-02   5.1680000e+00
  -8.6787363e-02   5.1080000e+00
  -8.5991149e-02   5.1080000e+00
  -8.5194934e-02   5.2280000e+00
  -8.4398720e-02   5.1080000e+00
  -8.3602506e-02   5.1680000e+00
  -8.2806291e-02   5.2280000e+00
  -8.2010077e-02   5.1680000e+00
  -8.1213863e-02   5.1680000e+00
  -8.0417648e-02   5.2280000e+00
  -7.9621434e-02   5.1680000e+00
  -7.8825220e-02   5.1080000e+00
  -7.8029005e-02   5.0480000e+00
  -7.7232791e-02   5.1080000e+00
  -7.6436577e-02   5.1680000e+00
  -7.5640362e-02   5.1680000e+00
  -7.4844148e-02   5.2880000e+00
  -7.4047934e-02   5.1080000e+00
  -7.3251719e-02   5.1680000e+00
  -7.2455505e-02   5.2280000e+00
  -7.1659291e-02   5.1080000e+00
  -7.0863076e-02   5.2880000e+00
  -7.0066862e-02   5.1680000e+00
  -6.9270648e-02   5.1080000e+00
  -6.8474433e-02   5.2880000e+00
  -6.7678219e-02   5.1680000e+00
  -6.6882005e-02   5.1680000e+00
  -6.6085790e-02   5.1080000e+00
  -6.5289576e-02   5.1680000e+00
  -6.4493362e-02   5.2280000e+00
  -6.3697147e-02   5.1680000e+00
  -6.2900933e-02   5.1080000e+00
  -6.2104719e-02   5.1080000e+00
  -6.1308504e-02   5.2280000e+00
  -6.0512290e-02   5.1680000e+00
  -5.9716076e-02   5.1680000e+00
  -5.8919861e-02   5.1080000e+00
  -5.8123647e-02   5.1080000e+00
  -5.7327433e-02   5.2280000e+00
  -5.6531218e-02   4.9880000e+00
  -5.5735004e-02   5.1680000e+00
  -5.4938790e-02   5.1080000e+00
  -5.4142575e-02   5.0480000e+00
  -5.3346361e-02   5.1680000e+00
  -5.2550147e-02   4.9880000e+00
  -5.1753932e-02   4.9280000e+00
  -5.0957718e-02   4.9880000e+00
  -5.0161503e-02   4.8680000e+00
  -4.9365289e-02   4.9280000e+00
  -4.8569075e-02   4.8080000e+00
  -4.7772860e-02   4.9280000e+00
  -4.6976646e-02   4.8080000e+00
  -4.6180432e-02   4.7480000e+00
  -4.5384217e-02   4.8680000e+00
  -4.4588003e-02   4.7480000e+00
  -4.3791789e-02   4.7480000e+00
  -4.2995574e-02   4.7480000e+00
  -4.2199360e-02   4.6880000e+00
  -4.1403146e-02   4.7480000e+00
  -4.0606931e-02   4.6880000e+00
  -3.9810717e-02   4.6880000e+00
  -3.9014503e-02   4.5680000e+00
  -3.8218288e-02   4.6880000e+00
  -3.7422074e-02   4.7480000e+00
  -3.6625860e-02   4.5080000e+00
  -3.5829645e-02   4.5080000e+00
  -3.5033431e-02   4.5680000e+00
  -3.4237217e-02   4.5080000e+00
  -3.3441002e-02   4.3880000e+00
  -3.2644788e-02   4.3280000e+00
  -3.1848574e-02   4.5680000e+00
  -3.1052359e-02   4.3280000e+00
  -3.0256145e-02   4.3280000e+00
  -2.9459931e-02   4.2680000e+00
  -2.8663716e-02   4.2680000e+00
  -2.7867502e-02   4.2080000e+00
  -2.7071288e-02   4.1480000e+00
  -2.6275073e-02   4.2080000e+00
  -2.5478859e-02   4.0880000e+00
  -2.4682645e-02   4.0880000e+00
  -2.3886430e-02   4.1480000e+00
  -2.3090216e-02   4.1480000e+00
  -2.2294002e-02   4.0280000e+00
  -2.1497787e-02   3.9080000e+00
  -2.0701573e-02   4.0280000e+00
  -1.9905359e-02   4.0280000e+00
  -1.9109144e-02   3.9080000e+00
  -1.8312930e-02   3.8480000e+00
  -1.7516716e-02   3.8480000e+00
  -1.6720501e-02   3.7880000e+00
  -1.5924287e-02   3.7280000e+00
  -1.5128072e-02   3.7280000e+00
  -1.4331858e-02   3.6680000e+00
  -1.3535644e-02   3.7280000e+00
  -1.2739429e-02   3.5480000e+00
  -1.1943215e-02   3.6680000e+00
  -1.1147001e-02   3.4280000e+00
  -1.0350786e-02   3.5480000e+00
  -9.5545721e-03   3.5480000e+00
  -8.7583578e-03   3.4280000e+00
  -7.9621434e-03   3.4280000e+00
  -7.1659291e-03   3.3680000e+00
  -6.3697147e-03   3.3680000e+00
  -5.5735004e-03   3.1880000e+00
  -4.7772860e-03   3.2480000e+00
  -3.9810717e-03   3.1280000e+00
  -3.1848574e-03   3.1880000e+00
  -2.3886430e-03   3.0680000e+00
  -1.5924287e-03   3.0080000e+00
  -7.9621434e-04   3.1880000e+00
   0.0000000e+00   3.0680000e+00
   7.9621434e-04   2.8880000e+00
   1.5924287e-03   2.9480000e+00
   2.3886430e-03   2.6480000e+00
   3.1848574e-03   2.9480000e+00
   3.9810717e-03   2.7680000e+00
   4.7772860e-03   2.6480000e+00
   5.5735004e-03   2.7080000e+00
   6.3697147e-03   2.6480000e+00
   7.1659291e-03   2.6480000e+00
   7.9621434e-03   2.6480000e+00
   8.7583578e-03   2.4680000e+00
   9.5545721e-03   2.4680000e+00
   1.0350786e-02   2.5280000e+00
   1.1147001e-02   2.4080000e+00
   1.1943215e-02   2.2880000e+00
   1.2739429e-02   2.2880000e+00
   1.3535644e-02   2.2280000e+00
   1.4331858e-02   2.1680000e+00
   1.5128072e-02   2.0480000e+00
   1.5924287e-02   2.1680000e+00
   1.6720501e-02   2.1080000e+00
   1.7516716e-02   1.9280000e+00
   1.8312930e-02   1.9880000e+00
   1.9109144e-02   1.8080000e+00
   1.9905359e-02   1.8680000e+00
   2.0701573e-02   1.8080000e+00
   2.1497787e-02   1.7480000e+00
   2.2294002e-02   1.6280000e+00
   2.3090216e-02   1.7480000e+00
   2.3886430e-02   1.6880000e+00
   2.4682645e-02   1.5680000e+00
   2.5478859e-02   1.5080000e+00
   2.6275073e-02   1.5680000e+00
   2.7071288e-02   1.4480000e+00
   2.7867502e-02   1.3880000e+00
   2.8663716e-02   1.3280000e+00
   2.9459931e-02   1.2080000e+00
   3.0256145e-02   1.1480000e+00
   3.1052359e-02   1.2080000e+00
   3.1848574e-02   9.6800000e-01
   3.2644788e-02   1.0880000e+00
   3.3441002e-02   9.6800000e-01
   3.4237217e-02   8.4800000e-01
   3.5033431e-02   8.4800000e-01
   3.5829645e-02   7.2800000e-01
   3.6625860e-02   8.4800000e-01
   3.7422074e-02   7.2800000e-01
   3.8218288e-02   7.2800000e-01
   3.9014503e-02   6.6800000e-01
   3.9810717e-02   4.8800000e-01
   4.0606931e-02   5.4800000e-01
   4.1403146e-02   4.8800000e-01
   4.2199360e-02   5.4800000e-01
   4.2995574e-02   3.6800000e-01
   4.3791789e-02   1.8800000e-01
   4.4588003e-02   1.8800000e-01
   4.5384217e-02   1.2800000e-01
   4.6180432e-02   1.2800000e-01
   4.6976646e-02   1.8800000e-01
   4.7772860e-02   8.0000000e-03
   4.8569075e-02  -5.2000000e-02
   4.9365289e-02  -5.2000000e-02
   5.0161503e-02  -1.7200000e-01
   5.0957718e-02  -1.1200000e-01
   5.1753932e-02  -2.3200000e-01
   5.2550147e-02  -3.5200000e-01
   5.3346361e-02  -2.9200000e-01
   5.4142575e-02  -4.1200000e-01
   5.4938790e-02  -4.1200000e-01
   5.5735004e-02  -4.1200000e-01
   5.6531218e-02  -5.3200000e-01
   5.7327433e-02  -5.9200000e-01
   5.8123647e-02  -5.3200000e-01
   5.8919861e-02  -7.1200000e-01
   5.9716076e-02  -7.1200000e-01
   6.0512290e-02  -8.3200000e-01
   6.1308504e-02  -8.3200000e-01
   6.2104719e-02  -7.7200000e-01
   6.2900933e-02  -1.0120000e+00
   6.3697147e-02  -8.3200000e-01
   6.4493362e-02  -1.0720000e+00
   6.5289576e-02  -1.1320000e+00
   6.6085790e-02  -1.0720000e+00
   6.6882005e-02  -1.1920000e+00
   6.7678219e-02  -1.2520000e+00
   6.8474433e-02  -1.2520000e+00
   6.9270648e-02  -1.3720000e+00
   7.0066862e-02  -1.3120000e+00
   7.0863076e-02  -1.4920000e+00
   7.1659291e-02  -1.4920000e+00
   7.2455505e-02  -1.4920000e+00
   7.3251719e-02  -1.5520000e+00
   7.4047934e-02  -1.6120000e+00
   7.4844148e-02  -1.6720000e+00
   7.5640362e-02  -1.7920000e+00
   7.6436577e-02  -1.6720000e+00
   7.7232791e-02  -1.9120000e+00
   7.8029005e-02  -1.9720000e+00
   7.8825220e-02  -1.8520000e+00
   7.9621434e-02  -2.0920000e+00
   8.0417648e-02  -1.9720000e+00
   8.1213863e-02  -2.0320000e+00
   8.2010077e-02  -2.0320000e+00
   8.2806291e-02  -2.2120000e+00
   8.3602506e-02  -2.3320000e+00
   8.4398720e-02  -2.2720000e+00
   8.5194934e-02  -2.3320000e+00
   8.5991149e-02  -2.3920000e+00
   8.6787363e-02  -2.3920000e+00
   8.7583578e-02  -2.5120000e+00
   8.8379792e-02  -2.5120000e+00
   8.9176006e-02  -2.5720000e+00
   8.9972221e-02  -2.5720000e+00
   9.0768435e-02  -2.6920000e+00
   9.1564649e-02  -2.6320000e+00
   9.2360864e-02  -2.7520000e+00
   9.3157078e-02  -2.6920000e+00
   9.3953292e-02  -2.7520000e+00
   9.4749507e-02  -2.9320000e+00
   9.5545721e-02  -2.8120000e+00
   9.6341935e-02  -3.0520000e+00
   9.7138150e-02  -2.9320000e+00
   9.7934364e-02  -3.1120000e+00
   9.8730578e-02  -3.0520000e+00
   9.9526793e-02  -3.1120000e+00
   1.0032301e-01  -3.2920000e+00
   1.0111922e-01  -3.1720000e+00
   1.0191544e-01  -3.2320000e+00
   1.0271165e-01  -3.3520000e+00
   1.0350786e-01  -3.2320000e+00
   1.0430408e-01  -3.2920000e+00
   1.0510029e-01  -3.3520000e+00
   1.0589651e-01  -3.4720000e+00
   1.0669272e-01  -3.4120000e+00
   1.0748894e-01  -3.4720000e+00
   1.0828515e-01  -3.5920000e+00
   1.0908136e-01  -3.5920000e+00
   1.0987758e-01  -3.7120000e+00
   1.1067379e-01  -3.5920000e+00
   1.1147001e-01  -3.6520000e+00
   1.1226622e-01  -3.7120000e+00
   1.1306244e-01  -3.7720000e+00
   1.1385865e-01  -3.7720000e+00
   1.1465487e-01  -3.8920000e+00
   1.1545108e-01  -3.8320000e+00
   1.1624729e-01  -3.7720000e+00
   1.1704351e-01  -3.9520000e+00
   1.1783972e-01  -3.8920000e+00
   1.1863594e-01  -4.1320000e+00
   1.1943215e-01  -4.0720000e+00
   1.2022837e-01  -4.1320000e+00
   1.2102458e-01  -4.1920000e+00
   1.2182079e-01  -4.0720000e+00
   1.2261701e-01  -4.2520000e+00
   1.2341322e-01  -4.1920000e+00
   1.2420944e-01  -4.3120000e+00
   1.2500565e-01  -4.4320000e+00
   1.2580187e-01  -4.2520000e+00
   1.2659808e-01  -4.3720000e+00
   1.2739429e-01  -4.3720000e+00
   1.2819051e-01  -4.3720000e+00
   1.2898672e-01  -4.4920000e+00
   1.2978294e-01  -4.3120000e+00
   1.3057915e-01  -4.4320000e+00
   1.3137537e-01  -4.4920000e+00
   1.3217158e-01  -4.4320000e+00
   1.3296779e-01  -4.4920000e+00
   1.3376401e-01  -4.4920000e+00
   1.3456022e-01  -4.5520000e+00
   1.3535644e-01  -4.6720000e+00
   1.3615265e-01  -4.6720000e+00
   1.3694887e-01  -4.6120000e+00
   1.3774508e-01  -4.6720000e+00
   1.3854130e-01  -4.7320000e+00
   1.3933751e-01  -4.6720000e+00
   1.4013372e-01  -4.7320000e+00
   1.4092994e-01  -4.6720000e+00
   1.4172615e-01  -4.7920000e+00
   1.4252237e-01  -4.7920000e+00
   1.4331858e-01  -4.7920000e+00
   1.4411480e-01  -4.8520000e+00
   1.4491101e-01  -4.9120000e+00
   1.4570722e-01  -4.8520000e+00
   1.4650344e-01  -4.9120000e+00
   1.4729965e-01  -4.9120000e+00
   1.4809587e-01  -4.9720000e+00
   1.4889208e-01  -4.9120000e+00
   1.4968830e-01  -4.9120000e+00
   1.5048451e-01  -4.9120000e+00
   1.5128072e-01  -4.9120000e+00
   1.5207694e-01  -5.0320000e+00
   1.5287315e-01  -5.1520000e+00
   1.5366937e-01  -4.9720000e+00
   1.5446558e-01  -4.9720000e+00
   1.5526180e-01  -4.9720000e+00
   1.5605801e-01  -5.0920000e+00
   1.5685423e-01  -5.1520000e+00
   1.5765044e-01  -4.9720000e+00
   1.5844665e-01  -5.2120000e+00
   1.5924287e-01  -5.1520000e+00
   1.6003908e-01  -5.2120000e+00
   1.6083530e-01  -5.1520000e+00
   1.6163151e-01  -5.0920000e+00
   1.6242773e-01  -5.1520000e+00
   1.6322394e-01  -5.0920000e+00
   1.6402015e-01  -5.2720000e+00
   1.6481637e-01  -5.1520000e+00
   1.6561258e-01  -5.0920000e+00
   1.6640880e-01  -5.1520000e+00
   1.6720501e-01  -5.1520000e+00
   1.6800123e-01  -5.2120000e+00
   1.6879744e-01  -5.2720000e+00
   1.6959365e-01  -5.3320000e+00
   1.7038987e-01  -5.3320000e+00
   1.7118608e-01  -5.0920000e+00
   1.7198230e-01  -5.2120000e+00
   1.7277851e-01  -5.2120000e+00
   1.7357473e-01  -5.1520000e+00
   1.7437094e-01  -5.2120000e+00
   1.7516716e-01  -5.0920000e+00
   1.7596337e-01  -5.2120000e+00
   1.7675958e-01  -5.2720000e+00
   1.7755580e-01  -5.2120000e+00
   1.7835201e-01  -5.0320000e+00
   1.7914823e-01  -5.2120000e+00
   1.7994444e-01  -5.2120000e+00
   1.8074066e-01  -5.1520000e+00
   1.8153687e-01  -5.1520000e+00
   1.8233308e-01  -5.0320000e+00
   1.8312930e-01  -5.2120000e+00
   1.8392551e-01  -4.9720000e+00
   1.8472173e-01  -5.2120000e+00
   1.8551794e-01  -5.2120000e+00
   1.8631416e-01  -5.1520000e+00
   1.8711037e-01  -5.1520000e+00
   1.8790658e-01  -5.1520000e+00
   1.8870280e-01  -5.0320000e+00
   1.8949901e-01  -5.0320000e+00
   1.9029523e-01  -5.0920000e+00
   1.9109144e-01  -4.9120000e+00
   1.9188766e-01  -5.0320000e+00
   1.9268387e-01  -5.0320000e+00
   1.9348008e-01  -5.0920000e+00
   1.9427630e-01  -5.1520000e+00
   1.9507251e-01  -4.9720000e+00
   1.9586873e-01  -5.0320000e+00
   1.9666494e-01  -4.9120000e+00
   1.9746116e-01  -5.0320000e+00
   1.9825737e-01  -4.9720000e+00
   1.9905359e-01  -4.8520000e+00
   1.9984980e-01  -4.9720000e+00
   2.0064601e-01  -4.8520000e+00
   2.0144223e-01  -4.9120000e+00
   2.0223844e-01  -4.7320000e+00
   2.0303466e-01  -4.7920000e+00
   2.0383087e-01  -4.9120000e+00
   2.0462709e-01  -4.6720000e+00
   2.0542330e-01  -4.7320000e+00
   2.0621951e-01  -4.7920000e+00
   2.0701573e-01  -4.6720000e+00
   2.0781194e-01  -4.6720000e+00
   2.0860816e-01  -4.6120000e+00
   2.0940437e-01  -4.7320000e+00
   2.1020059e-01  -4.6720000e+00
   2.1099680e-01  -4.6720000e+00
   2.1179301e-01  -4.7320000e+00
   2.1258923e-01  -4.6120000e+00
   2.1338544e-01  -4.5520000e+00
   2.1418166e-01  -4.5520000e+00
   2.1497787e-01  -4.6720000e+00
   2.1577409e-01  -4.3120000e+00
   2.1657030e-01  -4.4920000e+00
   2.1736652e-01  -4.4920000e+00
   2.1816273e-01  -4.3720000e+00
   2.1895894e-01  -4.3720000e+00
   2.1975516e-01  -4.1920000e+00
   2.2055137e-01  -4.3120000e+00
   2.2134759e-01  -4.3720000e+00
   2.2214380e-01  -4.1320000e+00
   2.2294002e-01  -4.2520000e+00
   2.2373623e-01  -4.1920000e+00
   2.2453244e-01  -4.3120000e+00
   2.2532866e-01  -4.1320000e+00
   2.2612487e-01  -4.1320000e+00
   2.2692109e-01  -4.0720000e+00
   2.2771730e-01  -3.9520000e+00
   2.2851352e-01  -3.8920000e+00
   2.2930973e-01  -3.8920000e+00
   2.3010594e-01  -3.8920000e+00
   2.3090216e-01  -3.8920000e+00
   2.3169837e-01  -3.8920000e+00
   2.3249459e-01  -3.8320000e+00
   2.3329080e-01  -3.7720000e+00
   2.3408702e-01  -3.8320000e+00
   2.3488323e-01  -3.6520000e+00
   2.3567944e-01  -3.7720000e+00
   2.3647566e-01  -3.7120000e+00
   2.3727187e-01  -3.4720000e+00
   2.3806809e-01  -3.6520000e+00
   2.3886430e-01  -3.5320000e+00
   2.3966052e-01  -3.5920000e+00
   2.4045673e-01  -3.4120000e+00
   2.4125295e-01  -3.4720000e+00
   2.4204916e-01  -3.4120000e+00
   2.4284537e-01  -3.3520000e+00
   2.4364159e-01  -3.3520000e+00
   2.4443780e-01  -3.3520000e+00
   2.4523402e-01  -3.2920000e+00
   2.4603023e-01  -3.2320000e+00
   2.4682645e-01  -3.1120000e+00
   2.4762266e-01  -3.1720000e+00
   2.4841887e-01  -3.1120000e+00
   2.4921509e-01  -3.1120000e+00
   2.5001130e-01  -2.9320000e+00
   2.5080752e-01  -2.9920000e+00
   2.5160373e-01  -2.9320000e+00
   2.5239995e-01  -2.8120000e+00
   2.5319616e-01  -2.7520000e+00
   2.5399237e-01  -2.7520000e+00
   2.5478859e-01  -2.7520000e+00
   2.5558480e-01  -2.6320000e+00
   2.5638102e-01  -2.6920000e+00
   2.5717723e-01  -2.6320000e+00
   2.5797345e-01  -2.5720000e+00
   2.5876966e-01  -2.4520000e+00
   2.5956588e-01  -2.4520000e+00
   2.6036209e-01  -2.3920000e+00
   2.6115830e-01  -2.3320000e+00
   2.6195452e-01  -2.3320000e+00
   2.6275073e-01  -2.2120000e+00
   2.6354695e-01  -2.2120000e+00
   2.6434316e-01  -2.1520000e+00
   2.6513938e-01  -1.9720000e+00
   2.6593559e-01  -2.0920000e+00
   2.6673180e-01  -2.0320000e+00
   2.6752802e-01  -2.0320000e+00
   2.6832423e-01  -2.0920000e+00
   2.6912045e-01  -1.9120000e+00
   2.6991666e-01  -1.8520000e+00
   2.7071288e-01  -1.7920000e+00
   2.7150909e-01  -1.7320000e+00
   2.7230530e-01  -1.6120000e+00
   2.7310152e-01  -1.6720000e+00
   2.7389773e-01  -1.5520000e+00
   2.7469395e-01  -1.6720000e+00
   2.7549016e-01  -1.5520000e+00
   2.7628638e-01  -1.4320000e+00
   2.7708259e-01  -1.4320000e+00
   2.7787881e-01  -1.2520000e+00
   2.7867502e-01  -1.2520000e+00
   2.7947123e-01  -1.2520000e+00
   2.8026745e-01  -1.2520000e+00
   2.8106366e-01  -1.1920000e+00
   2.8185988e-01  -1.0120000e+00
   2.8265609e-01  -1.1320000e+00
   2.8345231e-01  -1.0120000e+00
   2.8424852e-01  -8.9200000e-01
   2.8504473e-01  -8.3200000e-01
   2.8584095e-01  -8.9200000e-01
   2.8663716e-01  -8.9200000e-01
   2.8743338e-01  -7.1200000e-01
   2.8822959e-01  -7.1200000e-01
   2.8902581e-01  -5.9200000e-01
   2.8982202e-01  -5.9200000e-01
   2.9061823e-01  -4.7200000e-01
   2.9141445e-01  -4.1200000e-01
   2.9221066e-01  -4.7200000e-01
   2.9300688e-01  -3.5200000e-01
   2.9380309e-01  -2.3200000e-01
   2.9459931e-01  -2.9200000e-01
   2.9539552e-01  -1.1200000e-01
   2.9619173e-01  -2.3200000e-01
   2.9698795e-01  -1.7200000e-01
   2.9778416e-01  -5.2000000e-02
   2.9858038e-01   1.2800000e-01
   2.9937659e-01   8.0000000e-03
   3.0017281e-01   8.0000000e-03
   3.0096902e-01   6.8000000e-02
   3.0176524e-01   2.4800000e-01
   3.0256145e-01   2.4800000e-01
   3.0335766e-01   2.4800000e-01
   3.0415388e-01   4.2800000e-01
   3.0495009e-01   4.2800000e-01
   3.0574631e-01   4.2800000e-01
   3.0654252e-01   6.6800000e-01
   3.0733874e-01   6.6800000e-01
   3.0813495e-01   6.6800000e-01
   3.0893116e-01   6.6800000e-01
   3.0972738e-01   6.6800000e-01
   3.1052359e-01   9.0800000e-01
   3.1131981e-01   7.2800000e-01
   3.1211602e-01   9.0800000e-01
   3.1291224e-01   9.0800000e-01
   3.1370845e-01   9.6800000e-01
   3.1450466e-01   1.1480000e+00
   3.1530088e-01   1.1480000e+00
   3.1609709e-01   1.0880000e+00
   3.1689331e-01   1.3280000e+00
   3.1768952e-01   1.1480000e+00
   3.1848574e-01   1.2080000e+00
   3.1928195e-01   1.3880000e+00
   3.2007817e-01   1.3880000e+00
   3.2087438e-01   1.4480000e+00
   3.2167059e-01   1.4480000e+00
   3.2246681e-01   1.5680000e+00
   3.2326302e-01   1.6280000e+00
   3.2405924e-01   1.5680000e+00
   3.2485545e-01   1.7480000e+00
   3.2565167e-01   1.6880000e+00
   3.2644788e-01   1.8680000e+00
   3.2724409e-01   1.9280000e+00
   3.2804031e-01   1.7480000e+00
   3.2883652e-01   2.0480000e+00
   3.2963274e-01   1.8680000e+00
   3.3042895e-01   2.0480000e+00
   3.3122517e-01   2.1680000e+00
   3.3202138e-01   2.1680000e+00
   3.3281759e-01   2.1680000e+00
   3.3361381e-01   2.1680000e+00
   3.3441002e-01   2.2280000e+00
   3.3520624e-01   2.2880000e+00
   3.3600245e-01   2.4080000e+00
   3.3679867e-01   2.3480000e+00
   3.3759488e-01   2.5880000e+00
   3.3839109e-01   2.5280000e+00
   3.3918731e-01   2.4680000e+00
   3.3998352e-01   2.5280000e+00
   3.4077974e-01   2.5280000e+00
   3.4157595e-01   2.7080000e+00
   3.4237217e-01   2.7080000e+00
   3.4316838e-01   2.7080000e+00
   3.4396460e-01   3.0080000e+00
   3.4476081e-01   2.8280000e+00
   3.4555702e-01   2.9480000e+00
   3.4635324e-01   3.0080000e+00
   3.4714945e-01   2.9480000e+00
   3.4794567e-01   3.0080000e+00
   3.4874188e-01   3.0080000e+00
   3.4953810e-01   3.1880000e+00
   3.5033431e-01   3.2480000e+00
   3.5113052e-01   3.0680000e+00
   3.5192674e-01   3.3680000e+00
   3.5272295e-01   3.2480000e+00
   3.5351917e-01   3.3080000e+00
   3.5431538e-01   3.3680000e+00
   3.5511160e-01   3.3680000e+00
   3.5590781e-01   3.4280000e+00
   3.5670402e-01   3.4880000e+00
   3.5750024e-01   3.4280000e+00
   3.5829645e-01   3.4280000e+00
   3.5909267e-01   3.6080000e+00
   3.5988888e-01   3.6680000e+00
   3.6068510e-01   3.7880000e+00
   3.6148131e-01   3.6680000e+00
   3.6227753e-01   3.7880000e+00
   3.6307374e-01   3.7880000e+00
   3.6386995e-01   3.8480000e+00
   3.6466617e-01   3.9080000e+00
   3.6546238e-01   3.8480000e+00
   3.6625860e-01   3.9080000e+00
   3.6705481e-01   3.9080000e+00
   3.6785103e-01   3.9680000e+00
   3.6864724e-01   4.0280000e+00
   3.6944345e-01   3.9080000e+00
   3.7023967e-01   4.1480000e+00
   3.7103588e-01   4.0880000e+00
   3.7183210e-01   4.1480000e+00
   3.7262831e-01   4.2080000e+00
   3.7342453e-01   4.0880000e+00
   3.7422074e-01   4.3880000e+00
   3.7501695e-01   4.2080000e+00
   3.7581317e-01   4.3280000e+00
   3.7660938e-01   4.3280000e+00
   3.7740560e-01   4.2080000e+00
   3.7820181e-01   4.3280000e+00
   3.7899803e-01   4.4480000e+00
   3.7979424e-01   4.3880000e+00
   3.8059046e-01   4.3280000e+00
   3.8138667e-01   4.5080000e+00
   3.8218288e-01   4.4480000e+00
   3.8297910e-01   4.4480000e+00
   3.8377531e-01   4.6280000e+00
   3.8457153e-01   4.6280000e+00
   3.8536774e-01   4.6880000e+00
   3.8616396e-01   4.6280000e+00
   3.8696017e-01   4.6880000e+00
   3.8775638e-01   4.8680000e+00
   3.8855260e-01   4.8080000e+00
   3.8934881e-01   4.7480000e+00
   3.9014503e-01   4.8080000e+00
   3.9094124e-01   4.6880000e+00
   3.9173746e-01   4.7480000e+00
   3.9253367e-01   4.7480000e+00
   3.9332988e-01   4.8080000e+00
   3.9412610e-01   4.8680000e+00
   3.9492231e-01   4.9280000e+00
   3.9571853e-01   4.8080000e+00
   3.9651474e-01   4.8080000e+00
   3.9731096e-01   4.9280000e+00
   3.9810717e-01   5.0480000e+00
   3.9890338e-01   4.8680000e+00
   3.9969960e-01   4.9280000e+00
   4.0049581e-01   4.9880000e+00
   4.0129203e-01   4.9280000e+00
   4.0208824e-01   5.0480000e+00
   4.0288446e-01   5.0480000e+00
   4.0368067e-01   4.9880000e+00
   4.0447689e-01   5.0480000e+00
   4.0527310e-01   5.0480000e+00
   4.0606931e-01   5.1080000e+00
   4.0686553e-01   5.1080000e+00
   4.0766174e-01   5.1080000e+00
   4.0845796e-01   5.1080000e+00
   4.0925417e-01   5.1080000e+00
   4.1005039e-01   5.1680000e+00
   4.1084660e-01   5.0480000e+00
   4.1164281e-01   5.0480000e+00
   4.1243903e-01   5.0480000e+00
   4.1323524e-01   5.1680000e+00
   4.1403146e-01   5.0480000e+00
   4.1482767e-01   5.1080000e+00
   4.1562389e-01   5.1680000e+00
   4.1642010e-01   5.1680000e+00
   4.1721631e-01   5.2280000e+00
   4.1801253e-01   5.1680000e+00
   4.1880874e-01   5.2280000e+00
   4.1960496e-01   5.1080000e+00
   4.2040117e-01   5.2280000e+00
   4.2119739e-01   5.1680000e+00
   4.2199360e-01   5.1080000e+00
   4.2278982e-01   5.0480000e+00
   4.2358603e-01   5.1080000e+00
   4.2438224e-01   5.2280000e+00
   4.2517846e-01   5.1080000e+00
   4.2597467e-01   5.1080000e+00
   4.2677089e-01   5.1680000e+00
   4.2756710e-01   5.1080000e+00
   4.2836332e-01   5.2280000e+00
   4.2915953e-01   5.1680000e+00
   4.2995574e-01   5.1080000e+00
   4.3075196e-01   5.2280000e+00
   4.3154817e-01   5.1080000e+00
   4.3234439e-01   5.1680000e+00
   4.3314060e-01   5.1080000e+00
   4.3393682e-01   5.1680000e+00
   4.3473303e-01   5.1680000e+00
   4.3552924e-01   5.1080000e+00
   4.3632546e-01   5.0480000e+00
   4.3712167e-01   5.1080000e+00
   4.3791789e-01   5.1680000e+00
   4.3871410e-01   5.1680000e+00
   4.3951032e-01   5.1080000e+00
   4.4030653e-01   5.0480000e+00
   4.4110274e-01   5.0480000e+00
   4.4189896e-01   5.0480000e+00
   4.4269517e-01   5.0480000e+00
   4.4349139e-01   5.0480000e+00
   4.4428760e-01   5.0480000e+00
   4.4508382e-01   5.0480000e+00
   4.4588003e-01   5.0480000e+00
   4.4667625e-01   4.8680000e+00
   4.4747246e-01   5.0480000e+00
   4.4826867e-01   4.9280000e+00
   4.4906489e-01   4.9280000e+00
   4.4986110e-01   4.9880000e+00
   4.5065732e-01   4.8680000e+00
   4.5145353e-01   4.9280000e+00
   4.5224975e-01   4.8680000e+00
   4.5304596e-01   4.9280000e+00
   4.5384217e-01   4.8680000e+00
   4.5463839e-01   4.7480000e+00
   4.5543460e-01   4.8080000e+00
   4.5623082e-01   4.6280000e+00
   4.5702703e-01   4.7480000e+00
   4.5782325e-01   4.7480000e+00
   4.5861946e-01   4.6880000e+00
   4.5941567e-01   4.7480000e+00
   4.6021189e-01   4.5680000e+00
   4.6100810e-01   4.6880000e+00
   4.6180432e-01   4.6880000e+00
   4.6260053e-01   4.5680000e+00
   4.6339675e-01   4.5080000e+00
   4.6419296e-01   4.6280000e+00
   4.6498918e-01   4.3880000e+00
   4.6578539e-01   4.5080000e+00
   4.6658160e-01   4.4480000e+00
   4.6737782e-01   4.2680000e+00
   4.6817403e-01   4.4480000e+00
   4.6897025e-01   4.2680000e+00
   4.6976646e-01   4.2680000e+00
   4.7056268e-01   4.3280000e+00
   4.7135889e-01   4.3880000e+00
   4.7215510e-01   4.2680000e+00
   4.7295132e-01   4.2680000e+00
   4.7374753e-01   4.2080000e+00
   4.7454375e-01   4.0880000e+00
   4.7533996e-01   4.0880000e+00
   4.7613618e-01   4.0280000e+00
   4.7693239e-01   4.0280000e+00
   4.7772860e-01   4.0880000e+00
   4.7852482e-01   4.0280000e+00
   4.7932103e-01   4.0880000e+00
   4.8011725e-01   3.9680000e+00
   4.8091346e-01   4.0280000e+00
   4.8170968e-01   3.9680000e+00
   4.8250589e-01   3.7880000e+00
   4.8330211e-01   3.8480000e+00
   4.8409832e-01   3.7280000e+00
   4.8489453e-01   3.7280000e+00
   4.8569075e-01   3.7280000e+00
   4.8648696e-01   3.6080000e+00
   4.8728318e-01   3.6680000e+00
   4.8807939e-01   3.6680000e+00
   4.8887561e-01   3.5480000e+00
   4.8967182e-01   3.5480000e+00
   4.9046803e-01   3.5480000e+00
   4.9126425e-01   3.4880000e+00
   4.9206046e-01   3.4880000e+00
   4.9285668e-01   3.4880000e+00
   4.9365289e-01   3.3080000e+00
   4.9444911e-01   3.3680000e+00
   4.9524532e-01   3.3680000e+00
   4.9604153e-01   3.1280000e+00
   4.9683775e-01   3.3080000e+00
   4.9763396e-01   3.1280000e+00
   4.9843018e-01   3.0680000e+00
   4.9922639e-01   2.9480000e+00
   5.0002261e-01   2.9480000e+00
   5.0081882e-01   2.9480000e+00
   5.0161503e-01   2.8280000e+00
   5.0241125e-01   2.8280000e+00
   5.0320746e-01   2.8280000e+00
   5.0400368e-01   2.6480000e+00
   5.0479989e-01   2.7080000e+00
   5.0559611e-01   2.6480000e+00
   5.0639232e-01   2.5880000e+00
   5.0718854e-01   2.6480000e+00
   5.0798475e-01   2.5880000e+00
   5.0878096e-01   2.5880000e+00
   5.0957718e-01   2.4080000e+00
   5.1037339e-01   2.4680000e+00
   5.1116961e-01   2.2880000e+00
   5.1196582e-01   2.4080000e+00
   5.1276204e-01   2.2880000e+00
   5.1355825e-01   2.2880000e+00
   5.1435446e-01   2.1680000e+00
   5.1515068e-01   2.2280000e+00
   5.1594689e-01   2.1080000e+00
   5.1674311e-01   1.9880000e+00
   5.1753932e-01   1.9880000e+00
   5.1833554e-01   1.9880000e+00
   5.1913175e-01   1.9280000e+00
   5.1992796e-01   1.8680000e+00
   5.2072418e-01   1.8080000e+00
   5.2152039e-01   1.7480000e+00
   5.2231661e-01   1.7480000e+00
   5.2311282e-01   1.6280000e+00
   5.2390904e-01   1.6280000e+00
   5.2470525e-01   1.6280000e+00
   5.2550147e-01   1.5680000e+00
   5.2629768e-01   1.4480000e+00
   5.2709389e-01   1.4480000e+00
   5.2789011e-01   1.4480000e+00
   5.2868632e-01   1.3280000e+00
   5.2948254e-01   1.0880000e+00
   5.3027875e-01   1.1480000e+00
   5.3107497e-01   1.0880000e+00
   5.3187118e-01   9.0800000e-01
   5.3266739e-01   1.0280000e+00
   5.3346361e-01   9.0800000e-01
   5.3425982e-01   9.0800000e-01
   5.3505604e-01   9.0800000e-01
   5.3585225e-01   8.4800000e-01
   5.3664847e-01   7.2800000e-01
   5.3744468e-01   6.0800000e-01
   5.3824089e-01   6.0800000e-01
   5.3903711e-01   4.8800000e-01
   5.3983332e-01   6.6800000e-01
   5.4062954e-01   3.6800000e-01
   5.4142575e-01   4.2800000e-01
   5.4222197e-01   4.2800000e-01
   5.4301818e-01   3.6800000e-01
   5.4381439e-01   3.0800000e-01
   5.4461061e-01   1.2800000e-01
   5.4540682e-01   1.8800000e-01
   5.4620304e-01   1.2800000e-01
   5.4699925e-01   6.8000000e-02
   5.4779547e-01   6.8000000e-02
   5.4859168e-01   8.0000000e-03
   5.4938790e-01  -5.2000000e-02
   5.5018411e-01  -2.3200000e-01
   5.5098032e-01  -1.7200000e-01
   5.5177654e-01  -2.9200000e-01
   5.5257275e-01  -3.5200000e-01
   5.5336897e-01  -2.9200000e-01
   5.5416518e-01  -4.1200000e-01
   5.5496140e-01  -4.1200000e-01
   5.5575761e-01  -5.9200000e-01
   5.5655382e-01  -5.9200000e-01
   5.5735004e-01  -5.3200000e-01
   5.5814625e-01  -7.7200000e-01
   5.5894247e-01  -6.5200000e-01
   5.5973868e-01  -7.1200000e-01
   5.6053490e-01  -8.3200000e-01
   5.6133111e-01  -8.9200000e-01
   5.6212732e-01  -8.3200000e-01
   5.6292354e-01  -8.3200000e-01
   5.6371975e-01  -1.0120000e+00
   5.6451597e-01  -1.0120000e+00
   5.6531218e-01  -1.1320000e+00
   5.6610840e-01  -1.1320000e+00
   5.6690461e-01  -1.2520000e+00
   5.6770083e-01  -1.1920000e+00
   5.6849704e-01  -1.3120000e+00
   5.6929325e-01  -1.3720000e+00
   5.7008947e-01  -1.4320000e+00
   5.7088568e-01  -1.4320000e+00
   5.7168190e-01  -1.4920000e+00
   5.7247811e-01  -1.6120000e+00
   5.7327433e-01  -1.6120000e+00
   5.7407054e-01  -1.7320000e+00
   5.7486675e-01  -1.7320000e+00
   5.7566297e-01  -1.6720000e+00
   5.7645918e-01  -1.8520000e+00
   5.7725540e-01  -1.7920000e+00
   5.7805161e-01  -1.7920000e+00
   5.7884783e-01  -2.0320000e+00
   5.7964404e-01  -2.0320000e+00
   5.8044025e-01  -2.0920000e+00
   5.8123647e-01  -2.0320000e+00
   5.8203268e-01  -2.0320000e+00
   5.8282890e-01  -2.2120000e+00
   5.8362511e-01  -2.2120000e+00
   5.8442133e-01  -2.3320000e+00
   5.8521754e-01  -2.3320000e+00
   5.8601376e-01  -2.3320000e+00
   5.8680997e-01  -2.4520000e+00
   5.8760618e-01  -2.4520000e+00
   5.8840240e-01  -2.4520000e+00
   5.8919861e-01  -2.5120000e+00
   5.8999483e-01  -2.5120000e+00
   5.9079104e-01  -2.5720000e+00
   5.9158726e-01  -2.7520000e+00
   5.9238347e-01  -2.6320000e+00
   5.9317968e-01  -2.7520000e+00
   5.9397590e-01  -2.6920000e+00
   5.9477211e-01  -2.7520000e+00
   5.9556833e-01  -2.9920000e+00
   5.9636454e-01  -2.9320000e+00
   5.9716076e-01  -3.0520000e+00
   5.9795697e-01  -2.9320000e+00
   5.9875318e-01  -2.9320000e+00
   5.9954940e-01  -3.2320000e+00
   6.0034561e-01  -3.1120000e+00
   6.0114183e-01  -3.1720000e+00
   6.0193804e-01  -3.2320000e+00
   6.0273426e-01  -3.2920000e+00
   6.0353047e-01  -3.3520000e+00
   6.0432668e-01  -3.2920000e+00
   6.0512290e-01  -3.4120000e+00
   6.0591911e-01  -3.4120000e+00
   6.0671533e-01  -3.5320000e+00
   6.0751154e-01  -3.4720000e+00
   6.0830776e-01  -3.6520000e+00
   6.0910397e-01  -3.6520000e+00
   6.0990019e-01  -3.6520000e+00
   6.1069640e-01  -3.5920000e+00
   6.1149261e-01  -3.7720000e+00
   6.1228883e-01  -3.7720000e+00
   6.1308504e-01  -3.5920000e+00
   6.1388126e-01  -3.8320000e+00
   6.1467747e-01  -3.8920000e+00
   6.1547369e-01  -3.8320000e+00
   6.1626990e-01  -3.9520000e+00
   6.1706611e-01  -3.9520000e+00
   6.1786233e-01  -4.1320000e+00
   6.1865854e-01  -4.0120000e+00
   6.1945476e-01  -4.0120000e+00
   6.2025097e-01  -4.1320000e+00
   6.2104719e-01  -4.1320000e+00
   6.2184340e-01  -4.0720000e+00
   6.2263961e-01  -4.1920000e+00
   6.2343583e-01  -4.2520000e+00
   6.2423204e-01  -4.2520000e+00
   6.2502826e-01  -4.1920000e+00
   6.2582447e-01  -4.4920000e+00
   6.2662069e-01  -4.4320000e+00
   6.2741690e-01  -4.2520000e+00
   6.2821312e-01  -4.3720000e+00
   6.2900933e-01  -4.5520000e+00
   6.2980554e-01  -4.4320000e+00
   6.3060176e-01  -4.5520000e+00
   6.3139797e-01  -4.5520000e+00
   6.3219419e-01  -4.5520000e+00
   6.3299040e-01  -4.6120000e+00
   6.3378662e-01  -4.4920000e+00
   6.3458283e-01  -4.6120000e+00
   6.3537904e-01  -4.6120000e+00
   6.3617526e-01  -4.6120000e+00
   6.3697147e-01  -4.6720000e+00
   6.3776769e-01  -4.6120000e+00
   6.3856390e-01  -4.7320000e+00
   6.3936012e-01  -4.7320000e+00
   6.4015633e-01  -4.6720000e+00
   6.4095254e-01  -4.7920000e+00
   6.4174876e-01  -4.7920000e+00
   6.4254497e-01  -4.7320000e+00
   6.4334119e-01  -4.8520000e+00
   6.4413740e-01  -4.7920000e+00
   6.4493362e-01  -4.8520000e+00
   6.4572983e-01  -4.9120000e+00
   6.4652604e-01  -4.9120000e+00
   6.4732226e-01  -4.9720000e+00
   6.4811847e-01  -4.9720000e+00
   6.4891469e-01  -4.9720000e+00
   6.4971090e-01  -5.0920000e+00
   6.5050712e-01  -5.0320000e+00
   6.5130333e-01  -5.0320000e+00
   6.5209955e-01  -4.9720000e+00
   6.5289576e-01  -5.1520000e+00
   6.5369197e-01  -5.1520000e+00
   6.5448819e-01  -5.0920000e+00
   6.5528440e-01  -4.9720000e+00
   6.5608062e-01  -5.0920000e+00
   6.5687683e-01  -5.1520000e+00
   6.5767305e-01  -5.0920000e+00
   6.5846926e-01  -5.0920000e+00
   6.5926547e-01  -5.0920000e+00
   6.6006169e-01  -5.1520000e+00
   6.6085790e-01  -5.2120000e+00
   6.6165412e-01  -5.1520000e+00
   6.6245033e-01  -5.2720000e+00
   6.6324655e-01  -5.2720000e+00
   6.6404276e-01  -5.2120000e+00
   6.6483897e-01  -5.1520000e+00
   6.6563519e-01  -5.2120000e+00
   6.6643140e-01  -5.2720000e+00
   6.6722762e-01  -5.2720000e+00
   6.6802383e-01  -5.2120000e+00
   6.6882005e-01  -5.1520000e+00
   6.6961626e-01  -5.2120000e+00
   6.7041248e-01  -5.2720000e+00
   6.7120869e-01  -5.1520000e+00
   6.7200490e-01  -5.1520000e+00
   6.7280112e-01  -5.0920000e+00
   6.7359733e-01  -5.1520000e+00
   6.7439355e-01  -5.3320000e+00
   6.7518976e-01  -5.1520000e+00
   6.7598598e-01  -5.2120000e+00
   6.7678219e-01  -5.2120000e+00
   6.7757840e-01  -5.3320000e+00
   6.7837462e-01  -5.2720000e+00
   6.7917083e-01  -5.1520000e+00
   6.7996705e-01  -5.2720000e+00
   6.8076326e-01  -5.1520000e+00
   6.8155948e-01  -5.1520000e+00
   6.8235569e-01  -5.2120000e+00
   6.8315190e-01  -5.2720000e+00
   6.8394812e-01  -5.1520000e+00
   6.8474433e-01  -5.1520000e+00
   6.8554055e-01  -5.0320000e+00
   6.8633676e-01  -5.0320000e+00
   6.8713298e-01  -5.0320000e+00
   6.8792919e-01  -5.2120000e+00
   6.8872541e-01  -5.2720000e+00
   6.8952162e-01  -5.0320000e+00
   6.9031783e-01  -5.0320000e+00
   6.9111405e-01  -5.1520000e+00
   6.9191026e-01  -5.0320000e+00
   6.9270648e-01  -5.1520000e+00
   6.9350269e-01  -4.9720000e+00
   6.9429891e-01  -5.0920000e+00
   6.9509512e-01  -4.9720000e+00
   6.9589133e-01  -4.9720000e+00
   6.9668755e-01  -5.0320000e+00
   6.9748376e-01  -5.0920000e+00
   6.9827998e-01  -4.8520000e+00
   6.9907619e-01  -5.0920000e+00
   6.9987241e-01  -4.8520000e+00
   7.0066862e-01  -4.9120000e+00
   7.0146483e-01  -4.8520000e+00
   7.0226105e-01  -4.7920000e+00
   7.0305726e-01  -4.8520000e+00
   7.0385348e-01  -4.7920000e+00
   7.0464969e-01  -4.8520000e+00
   7.0544591e-01  -4.7320000e+00
   7.0624212e-01  -4.7920000e+00
   7.0703833e-01  -4.7320000e+00
   7.0783455e-01  -4.7920000e+00
   7.0863076e-01  -4.7920000e+00
   7.0942698e-01  -4.7320000e+00
   7.1022319e-01  -4.7320000e+00
   7.1101941e-01  -4.5520000e+00
   7.1181562e-01  -4.4920000e+00
   7.1261184e-01  -4.6120000e+00
   7.1340805e-01  -4.6120000e+00
   7.1420426e-01  -4.5520000e+00
   7.1500048e-01  -4.4920000e+00
   7.1579669e-01  -4.5520000e+00
   7.1659291e-01  -4.4320000e+00
   7.1738912e-01  -4.6120000e+00
   7.1818534e-01  -4.4320000e+00
   7.1898155e-01  -4.3720000e+00
   7.1977776e-01  -4.3120000e+00
   7.2057398e-01  -4.3120000e+00
   7.2137019e-01  -4.3720000e+00
   7.2216641e-01  -4.2520000e+00
   7.2296262e-01  -4.2520000e+00
   7.2375884e-01  -4.3720000e+00
   7.2455505e-01  -4.3120000e+00
   7.2535126e-01  -4.0720000e+00
   7.2614748e-01  -4.1320000e+00
   7.2694369e-01  -4.0720000e+00
   7.2773991e-01  -4.0120000e+00
   7.2853612e-01  -3.9520000e+00
   7.2933234e-01  -3.9520000e+00
   7.3012855e-01  -3.9520000e+00
   7.3092477e-01  -4.0120000e+00
   7.3172098e-01  -3.8920000e+00
   7.3251719e-01  -3.9520000e+00
   7.3331341e-01  -3.8920000e+00
   7.3410962e-01  -3.8320000e+00
   7.3490584e-01  -3.8320000e+00
   7.3570205e-01  -3.6520000e+00
   7.3649827e-01  -3.6520000e+00
   7.3729448e-01  -3.5920000e+00
   7.3809069e-01  -3.6520000e+00
   7.3888691e-01  -3.5920000e+00
   7.3968312e-01  -3.6520000e+00
   7.4047934e-01  -3.4720000e+00
   7.4127555e-01  -3.4120000e+00
   7.4207177e-01  -3.5320000e+00
   7.4286798e-01  -3.3520000e+00
   7.4366419e-01  -3.2920000e+00
   7.4446041e-01  -3.4120000e+00
   7.4525662e-01  -3.1720000e+00
   7.4605284e-01  -3.1720000e+00
   7.4684905e-01  -3.2320000e+00
   7.4764527e-01  -3.1720000e+00
   7.4844148e-01  -3.1720000e+00
   7.4923769e-01  -3.0520000e+00
   7.5003391e-01  -2.9320000e+00
   7.5083012e-01  -3.0520000e+00
   7.5162634e-01  -2.9320000e+00
   7.5242255e-01  -2.8720000e+00
   7.5321877e-01  -2.9320000e+00
   7.5401498e-01  -2.6920000e+00
   7.5481120e-01  -2.8720000e+00
   7.5560741e-01  -2.7520000e+00
   7.5640362e-01  -2.6320000e+00
   7.5719984e-01  -2.6920000e+00
   7.5799605e-01  -2.5720000e+00
   7.5879227e-01  -2.4520000e+00
   7.5958848e-01  -2.5720000e+00
   7.6038470e-01  -2.3920000e+00
   7.6118091e-01  -2.2720000e+00
   7.6197712e-01  -2.2120000e+00
   7.6277334e-01  -2.3320000e+00
   7.6356955e-01  -2.2120000e+00
   7.6436577e-01  -2.0920000e+00
   7.6516198e-01  -2.0320000e+00
   7.6595820e-01  -2.0920000e+00
   7.6675441e-01  -1.9120000e+00
   7.6755062e-01  -1.9120000e+00
   7.6834684e-01  -1.9720000e+00
   7.6914305e-01  -1.9120000e+00
   7.6993927e-01  -1.9120000e+00
   7.7073548e-01  -1.6720000e+00
   7.7153170e-01  -1.8520000e+00
   7.7232791e-01  -1.7320000e+00
   7.7312413e-01  -1.6120000e+00
   7.7392034e-01  -1.7320000e+00
   7.7471655e-01  -1.5520000e+00
   7.7551277e-01  -1.6120000e+00
   7.7630898e-01  -1.4920000e+00
   7.7710520e-01  -1.4320000e+00
   7.7790141e-01  -1.3120000e+00
   7.7869763e-01  -1.3120000e+00
   7.7949384e-01  -1.2520000e+00
   7.8029005e-01  -1.1920000e+00
   7.8108627e-01  -1.0720000e+00
   7.8188248e-01  -1.0120000e+00
   7.8267870e-01  -1.0720000e+00
   7.8347491e-01  -1.0720000e+00
   7.8427113e-01  -1.0120000e+00
   7.8506734e-01  -8.3200000e-01
   7.8586355e-01  -7.1200000e-01
   7.8665977e-01  -8.9200000e-01
   7.8745598e-01  -7.1200000e-01
   7.8825220e-01  -7.1200000e-01
   7.8904841e-01  -7.1200000e-01
   7.8984463e-01  -6.5200000e-01
   7.9064084e-01  -4.7200000e-01
   7.9143706e-01  -5.9200000e-01
   7.9223327e-01  -4.7200000e-01
   7.9302948e-01  -3.5200000e-01
   7.9382570e-01  -3.5200000e-01
   7.9462191e-01  -3.5200000e-01
   7.9541813e-01  -1.7200000e-01
   7.9621434e-01  -2.3200000e-01
   7.9701056e-01  -5.2000000e-02
   7.9780677e-01  -5.2000000e-02
   7.9860298e-01  -5.2000000e-02
   7.9939920e-01   6.8000000e-02
   8.0019541e-01   1.2800000e-01
   8.0099163e-01   1.2800000e-01
   8.0178784e-01   1.8800000e-01
   8.0258406e-01   1.8800000e-01
   8.0338027e-01   3.0800000e-01
   8.0417648e-01   2.4800000e-01
   8.0497270e-01   3.6800000e-01
   8.0576891e-01   4.2800000e-01
   8.0656513e-01   5.4800000e-01
   8.0736134e-01   5.4800000e-01
   8.0815756e-01   6.0800000e-01
   8.0895377e-01   6.0800000e-01
   8.0974998e-01   6.0800000e-01
   8.1054620e-01   7.8800000e-01
   8.1134241e-01   7.8800000e-01
   8.1213863e-01   9.6800000e-01
   8.1293484e-01   1.0280000e+00
   8.1373106e-01   9.6800000e-01
   8.1452727e-01   1.0880000e+00
   8.1532349e-01   1.0280000e+00
   8.1611970e-01   1.1480000e+00
   8.1691591e-01   1.2080000e+00
   8.1771213e-01   1.2680000e+00
   8.1850834e-01   1.3880000e+00
   8.1930456e-01   1.3280000e+00
   8.2010077e-01   1.3880000e+00
   8.2089699e-01   1.3280000e+00
   8.2169320e-01   1.4480000e+00
   8.2248941e-01   1.5680000e+00
   8.2328563e-01   1.5080000e+00
   8.2408184e-01   1.6280000e+00
   8.2487806e-01   1.6280000e+00
   8.2567427e-01   1.8080000e+00
   8.2647049e-01   1.8080000e+00
   8.2726670e-01   1.8080000e+00
   8.2806291e-01   1.9280000e+00
   8.2885913e-01   1.9880000e+00
   8.2965534e-01   2.0480000e+00
   8.3045156e-01   1.9280000e+00
   8.3124777e-01   2.0480000e+00
   8.3204399e-01   2.1680000e+00
   8.3284020e-01   2.1080000e+00
   8.3363642e-01   2.1680000e+00
   8.3443263e-01   2.2280000e+00
   8.3522884e-01   2.4080000e+00
   8.3602506e-01   2.3480000e+00
   8.3682127e-01   2.5280000e+00
   8.3761749e-01   2.4080000e+00
   8.3841370e-01   2.4680000e+00
   8.3920992e-01   2.6480000e+00
   8.4000613e-01   2.5280000e+00
   8.4080234e-01   2.8280000e+00
   8.4159856e-01   2.7680000e+00
   8.4239477e-01   2.7080000e+00
   8.4319099e-01   2.8280000e+00
   8.4398720e-01   2.7680000e+00
   8.4478342e-01   2.8280000e+00
   8.4557963e-01   2.8880000e+00
   8.4637584e-01   3.0080000e+00
   8.4717206e-01   2.9480000e+00
   8.4796827e-01   3.0080000e+00
   8.4876449e-01   3.0680000e+00
   8.4956070e-01   3.1280000e+00
   8.5035692e-01   3.1280000e+00
   8.5115313e-01   3.2480000e+00
   8.5194934e-01   3.3080000e+00
   8.5274556e-01   3.3080000e+00
   8.5354177e-01   3.3080000e+00
   8.5433799e-01   3.3080000e+00
   8.5513420e-01   3.3680000e+00
   8.5593042e-01   3.3680000e+00
   8.5672663e-01   3.4280000e+00
   8.5752285e-01   3.5480000e+00
   8.5831906e-01   3.6080000e+00
   8.5911527e-01   3.5480000e+00
   8.5991149e-01   3.5480000e+00
   8.6070770e-01   3.5480000e+00
   8.6150392e-01   3.7280000e+00
   8.6230013e-01   3.6680000e+00
   8.6309635e-01   3.7280000e+00
   8.6389256e-01   3.8480000e+00
   8.6468877e-01   3.6680000e+00
   8.6548499e-01   3.9080000e+00
   8.6628120e-01   3.8480000e+00
   8.6707742e-01   3.9080000e+00
   8.6787363e-01   4.0280000e+00
   8.6866985e-01   3.9680000e+00
   8.6946606e-01   4.0280000e+00
   8.7026227e-01   3.9680000e+00
   8.7105849e-01   4.1480000e+00
   8.7185470e-01   4.0280000e+00
   8.7265092e-01   4.0880000e+00
   8.7344713e-01   4.2080000e+00
   8.7424335e-01   4.1480000e+00
   8.7503956e-01   4.1480000e+00
   8.7583578e-01   4.2680000e+00
   8.7663199e-01   4.2080000e+00
   8.7742820e-01   4.2680000e+00
   8.7822442e-01   4.2680000e+00
   8.7902063e-01   4.3280000e+00
   8.7981685e-01   4.4480000e+00
   8.8061306e-01   4.5680000e+00
   8.8140928e-01   4.5680000e+00
   8.8220549e-01   4.5680000e+00
   8.8300170e-01   4.4480000e+00
   8.8379792e-01   4.5080000e+00
   8.8459413e-01   4.5680000e+00
   8.8539035e-01   4.5680000e+00
   8.8618656e-01   4.6280000e+00
   8.8698278e-01   4.6280000e+00
   8.8777899e-01   4.6280000e+00
   8.8857520e-01   4.7480000e+00
   8.8937142e-01   4.6880000e+00
   8.9016763e-01   4.7480000e+00
   8.9096385e-01   4.8080000e+00
   8.9176006e-01   4.6880000e+00
   8.9255628e-01   4.8080000e+00
   8.9335249e-01   4.8680000e+00
   8.9414871e-01   4.7480000e+00
   8.9494492e-01   4.8080000e+00
   8.9574113e-01   4.8080000e+00
   8.9653735e-01   4.8080000e+00
   8.9733356e-01   5.0480000e+00
   8.9812978e-01   4.8080000e+00
   8.9892599e-01   4.9880000e+00
   8.9972221e-01   4.9880000e+00
   9.0051842e-01   4.8680000e+00
   9.0131463e-01   4.9880000e+00
   9.0211085e-01   4.8680000e+00
   9.0290706e-01   5.1080000e+00
   9.0370328e-01   4.9880000e+00
   9.0449949e-01   5.0480000e+00
   9.0529571e-01   5.0480000e+00
   9.0609192e-01   5.0480000e+00
   9.0688813e-01   5.0480000e+00
   9.0768435e-01   5.1080000e+00
   9.0848056e-01   5.1680000e+00
   9.0927678e-01   5.1680000e+00
   9.1007299e-01   5.0480000e+00
   9.1086921e-01   5.1080000e+00
   9.1166542e-01   5.1080000e+00
   9.1246163e-01   5.1680000e+00
   9.1325785e-01   5.1080000e+00
   9.1405406e-01   5.2880000e+00
   9.1485028e-01   5.1080000e+00
   9.1564649e-01   5.2880000e+00
   9.1644271e-01   5.1080000e+00
   9.1723892e-01   5.1680000e+00
   9.1803514e-01   5.1680000e+00
   9.1883135e-01   5.0480000e+00
   9.1962756e-01   5.1680000e+00
   9.2042378e-01   5.1680000e+00
   9.2121999e-01   5.1680000e+00
   9.2201621e-01   5.2880000e+00
   9.2281242e-01   5.0480000e+00
   9.2360864e-01   5.3480000e+00
   9.2440485e-01   5.2280000e+00
   9.2520106e-01   5.1080000e+00
   9.2599728e-01   5.4080000e+00
   9.2679349e-01   5.2280000e+00
   9.2758971e-01   5.2880000e+00
   9.2838592e-01   5.2880000e+00
   9.2918214e-01   5.2880000e+00
   9.2997835e-01   5.2880000e+00
   9.3077456e-01   5.2880000e+00
   9.3157078e-01   5.1680000e+00
   9.3236699e-01   5.1080000e+00
   9.3316321e-01   5.2280000e+00
   9.3395942e-01   5.1080000e+00
   9.3475564e-01   5.2280000e+00
   9.3555185e-01   5.1680000e+00
   9.3634807e-01   5.1080000e+00
   9.3714428e-01   5.2280000e+00
   9.3794049e-01   5.1080000e+00
   9.3873671e-01   5.1680000e+00
   9.3953292e-01   5.1080000e+00
   9.4032914e-01   5.1080000e+00
   9.4112535e-01   5.1080000e+00
   9.4192157e-01   5.0480000e+00
   9.4271778e-01   5.0480000e+00
   9.4351399e-01   4.8680000e+00
   9.4431021e-01   5.0480000e+00
   9.4510642e-01   5.0480000e+00
   9.4590264e-01   5.0480000e+00
   9.4669885e-01   4.9880000e+00
   9.4749507e-01   4.9280000e+00
   9.4829128e-01   4.9280000e+00
   9.4908749e-01   4.8680000e+00
   9.4988371e-01   4.9880000e+00
   9.5067992e-01   4.9880000e+00
   9.5147614e-01   4.8680000e+00
   9.5227235e-01   4.8080000e+00
   9.5306857e-01   4.7480000e+00
   9.5386478e-01   4.8080000e+00
   9.5466099e-01   4.8080000e+00
   9.5545721e-01   4.7480000e+00
   9.5625342e-01   4.8080000e+00
   9.5704964e-01   4.8080000e+00
   9.5784585e-01   4.6880000e+00
   9.5864207e-01   4.6880000e+00
   9.5943828e-01   4.7480000e+00
   9.6023450e-01   4.6280000e+00
   9.6103071e-01   4.6280000e+00
   9.6182692e-01   4.6880000e+00
   9.6262314e-01   4.5680000e+00
   9.6341935e-01   4.5680000e+00
   9.6421557e-01   4.5680000e+00
   9.6501178e-01   4.5080000e+00
   9.6580800e-01   4.5080000e+00
   9.6660421e-01   4.4480000e+00
   9.6740042e-01   4.5080000e+00
   9.6819664e-01   4.5080000e+00
   9.6899285e-01   4.4480000e+00
   9.6978907e-01   4.4480000e+00
   9.7058528e-01   4.3280000e+00
   9.7138150e-01   4.2680000e+00
   9.7217771e-01   4.2680000e+00
   9.7297392e-01   4.2680000e+00
   9.7377014e-01   4.1480000e+00
   9.7456635e-01   4.2680000e+00
   9.7536257e-01   4.2080000e+00
   9.7615878e-01   4.2080000e+00
   9.7695500e-01   4.1480000e+00
   9.7775121e-01   4.0280000e+00
   9.7854743e-01   4.0880000e+00
   9.7934364e-01   3.9080000e+00
   9.8013985e-01   4.0280000e+00
   9.8093607e-01   3.8480000e+00
   9.8173228e-01   3.7880000e+00
   9.8252850e-01   3.8480000e+00
   9.8332471e-01   3.7280000e+00
   9.8412093e-01   3.7880000e+00
   9.8491714e-01   3.7280000e+00
   9.8571335e-01   3.6680000e+00
   9.8650957e-01   3.7280000e+00
   9.8730578e-01   3.6080000e+00
   9.8810200e-01   3.5480000e+00
   9.8889821e-01   3.4880000e+00
   9.8969443e-01   3.5480000e+00
   9.9049064e-01   3.3080000e+00
   9.9128685e-01   3.3080000e+00
   9.9208307e-01   3.4880000e+00
   9.9287928e-01   3.3680000e+00
   9.9367550e-01   3.3080000e+00
   9.9447171e-01   3.1880000e+00